1971
1,9,18,19,36,37+5,25,27
3,14,15,17,20,25+16,35,40
9,23,26,36,38,39+12,25,32
5,15,26,30,33,39+6,7,23
5,12,20,24,28,33+17,23,38
1,8,11,27,31,36+2,33,38
11,14,23,24,26,36+4,31,35
9,19,21,31,33,38+17,30,40
8,9,12,15,23,39+17,21,35
7,9,10,32,35,39+18,27,34
1,10,14,22,26,38+7,11,28
3,5,8,11,16,31+33,37,40
6,7,13,17,36,37+15,29,34
17,19,20,23,24,32+29,33,39
5,6,10,11,31,39+1,7,8
9,13,16,27,29,31+10,37,40
2,3,12,22,23,39+1,6,28
8,13,18,30,36,38+11,24,33
3,19,26,27,36,37+17,21,23
1,7,11,21,22,34+14,33,39
4,10,14,19,28,36+13,26,36
4,12,16,17,33,39+22,32,35
4,12,14,31,34,35+1,26,38
21,27,33,35,36,38+5,18,28
3,10,21,24,33,36+16,17,28
2,4,7,8,22,23+15,20,33
7,10,18,31,33,39+23,30,36
12,17,25,26,28,37+2,4,22
8,18,25,27,35,40+9,21,29
6,15,18,29,32,40+16,28,37
2,3,6,26,27,29+14,17,25
6,17,19,21,27,35+12,20,30
1,6,14,15,29,39+21,25,40
9,13,16,27,34,40+15,28,37
2,5,13,27,28,36+8,14,31
6,8,9,25,26,40+17,24,34
4,6,10,25,28,30+22,27,39
3,15,20,24,29,32+8,10,25
2,6,11,14,20,38+8,15,31
1,12,26,29,31,35+9,16,34
1,4,16,32,34,39+29,30,36
2,6,16,26,28,38+13,14,23
2,3,21,25,26,38+17,28,40
3,11,15,36,37,38+5,13,39
27,29,30,32,33,37+16,20,23
8,13,15,21,24,28+19,22,34
6,19,24,27,29,40+11,30,33
25,28,32,33,38,40+8,22,29
1,8,12,34,36,37+7,11,13
2,4,12,27,36,39+13,29,37
15,19,22,27,33,38+13,16,31
4,13,16,19,31,33+8,15,32
1972
9,13,17,19,32,36+11,25
5,12,18,20,29,38+10,22
5,9,11,12,30,34+16,25
2,4,18,36,38,39+12,28
1,4,19,24,30,33+14,37
6,13,17,22,27,31+34,35
14,23,26,27,31,34+17,21
13,15,16,20,29,35+23,40
8,17,19,26,30,36+21,35
6,10,20,21,31,38+11,32
2,17,22,24,31,33+14,40
9,18,25,32,33,35+28,40
9,12,25,27,33,38+7,18
1,8,13,25,31,35+24,29
1,2,8,10,26,36+19,22
8,15,17,20,27,30+7,24
13,14,22,30,33,34+3,35
24,26,27,36,38,39+12,32
6,14,21,24,28,31+9,36
2,3,10,15,30,40+16,36
1,4,11,22,32,38+9,34
5,11,20,25,30,32+29,38
6,10,24,28,29,33+5,25
6,8,10,19,26,27+7,30
2,8,12,30,32,39+21,36
10,17,21,24,30,36+5,32
13,14,15,16,18,23+3,26
20,23,24,33,34,37+3,16
3,9,21,30,31,37+1,35
9,10,24,35,37,39+12,26
7,18,25,26,31,35+12,37
17,18,29,30,36,39+31,35
3,4,9,31,32,33+5,19
14,20,29,30,31,32+15,18
6,7,24,31,39,40+2,21
1,5,6,32,38,39+29,37
5,30,32,35,38,39+14,33
5,16,22,24,31,40+14,20
4,6,7,9,19,32+10,22
8,12,15,37,38,40+28,34
6,10,21,31,38,40+17,26
1,3,14,22,26,29+4,15
4,31,32,34,38,40+3,22
14,16,25,28,30,33+35,36
6,21,26,29,38,39+24,25
5,10,18,28,32,33+29,36
4,5,18,35,38,40+12,33
5,8,21,34,38,39+6,32
2,3,14,27,33,40+16,21
8,11,16,26,31,40+33,37
7,20,21,22,29,36+15,25
5,6,24,27,30,36+26,39
1973
7,13,17,33,39,40+16,26
8,16,29,30,32,39+1,14
2,8,10,22,30,31+1,9
12,19,20,24,25,39+14,30
2,9,16,18,21,38+29,31
2,6,16,20,26,38+3,11
2,12,14,18,30,38+7,26
6,9,20,26,34,36+2,13
8,15,20,27,32,39+26,31
5,15,29,36,38,39+26,37
1,9,29,34,35,36+4,25
4,10,17,28,31,35+25,30
8,24,28,36,38,40+12,13
1,7,14,15,26,35+25,29
1,9,15,25,26,31+8,24
2,11,13,31,35,39+23,25
14,31,34,36,38,39+37,40
2,4,15,27,28,33+36,39
5,15,21,29,30,40+11,20
14,19,20,23,33,34+6,35
21,25,27,28,32,39+12,17
4,5,6,32,36,37+3,14
3,7,12,22,27,30+26,28
10,13,15,18,26,31+30,37
1,166,23,27,30,38+5,32
20,24,26,27,37,40+34,36
12,16,18,33,35,37+28,40
5,9,16,23,28,31+2,22
25,31,32,33,34,38+13,21
2,9,22,28,30,34+3,11
5,6,9,16,17,35+12,27
6,18,22,23,25,38+13,36
4,10,14,21,25,37+3,39
1,12,13,20,24,25+23,36
3,10,11,19,22,35+5,27
6,7,13,14,24,26+28,29
9,10,13,30,31,36+17,24
2,23,24,29,30,39+9,40
1,16,19,20,26,29+31,33
2,5,10,23,24,29+1,11
10,16,21,24,27,38+9,37
3,8,14,22,25,30+13,19
2,8,16,29,32,40+14,39
4,7,10,17,31,33+3,18
2,14,18,25,26,39+34,36
16,18,22,25,29,32+4,37
2,5,6,13,24,34+29,38
15,16,20,27,33,34+21,29
12,22,27,30,33,39+7,34
1,4,8,13,21,33+11,23
8,20,21,24,29,38+1,26
7,11,14,17,19,24+5,31
1,13,16,21,32,34+17,35
1974
1,13,16,21,32,34+17,35
1,11,14,17,28,34+16,37
4,6,8,11,13,24+5,38
6,7,15,34,35,37+1,26
3,14,15,25,32,33+7,12
1,5,14,17,30,32+6,29
2,8,15,22,29,31+24,33
1,7,26,28,33,36+8,37
1,9,11,13,31,34+2,5
12,13,21,29,33,36+2,39
3,5,17,21,22,40+26,30
6,14,19,21,22,32+15,24
6,8,17,34,37,40+5,12
5,6,12,16,27,29+9,15
2,4,8,12,22,37+10,29
2,17,33,35,37,38+1,18
11,18,21,25,37,39+6,12
3,7,16,17,20,31+14,27
7,25,27,28,30,40+9,33
24,33,34,36,38,39+29,35
8,9,10,12,26,35+14,36
3,11,15,19,26,37+2,8
17,26,27,33,37,39+20,23
17,18,22,26,32,38+24,35
3,5,13,15,18,22+1,26
9,11,17,18,20,29+25,39
15,18,19,23,31,39+4,29
5,6,11,24,33,40+26,37
2,5,18,23,30,32+22,33
1,3,5,21,32,39+4,14
6,22,23,30,35,36+12,13
3,7,16,26,30,31+32,36
3,8,16,28,29,35+25,34
1,15,25,29,36,39+17,28
4,15,33,35,37,40+14,24
4,9,12,14,16,29+3,17
3,15,25,34,37,40+22,29
8,9,21,27,33,37+15,34
2,3,21,23,30,34+20,37
9,17,26,27,34,37+3,22
5,6,11,25,27,35+18,29
10,15,17,20,26,35+2,36
4,18,30,32,35,36+20,40
3,7,16,22,25,38+10,11
2,3,9,18,22,25+7,32
6,10,20,21,27,34+25,31
3,14,18,21,32,38+5,24
15,21,22,23,34,39+17,25
16,17,22,28,29,39+14,33
4,5,10,16,24,27+2,20
2,16,21,27,29,34+14,15
4,9,11,25,26,37+10,14
1975
5,7,,8,9,16,33+12,17
10,14,16,19,21,27+6,12
6,7,14,19,22,40+1,13
4,16,21,25,26,37+17,34
1,22,24,25,26,34+3,20
10,13,18,29,39,40+5,9
1,18,19,22,29,32+31,38
22,23,24,25,28,39+16,30
10,12,14,21,34,38+16,36
8,10,24,29,38,40+5,20
15,22,23,30,31,36+12,21
9,10,17,20,23,28+18,34
12,24,28,32,34,37+1,20
7,8,13,16,17,32+5,24
6,7,16,21,23,29+3,27
3,8,16,26,30,33+13,25
1,2,12,17,22,23+13,18
12,16,22,23,28,33+11,34
5,12,18,26,33,38+2,23
1,6,8,13,17,39+21,23
9,11,24,27,35,39+20,36
14,18,19,21,32,39+2,6
6,13,15,17,27,36+7,24
12,21,22,30,33,37+3,27
2,23,29,38,39,40+21,22
1,15,19,22,34,40+3,17
11,16,22,24,33,39+1,4
2,9,15,16,21,30+6,32
4,7,16,23,38,39+6,18
2,7,23,25,26,27+9,39
15,17,19,23,24,35+10,29
6,10,14,22,23,27+13,18
5,7,13,29,37,39+27,30
3,18,23,24,29,38+9,10
10,12,16,17,28,35+3,21
4,5,10,11,15,31+20,28
13,19,20,21,32,34+23,27
3,7,13,20,21,38+15,35
3,14,21,29,31,32+8,30
5,10,11,14,19,28+12,36
15,20,21,25,26,27+3,31
4,5,10,19,23,24+1,13
13,17,22,23,29,33+4,6
3,16,20,22,25,38+11,12
3,16,17,24,27,37+14,29
15,16,22,32,36,38+3,40
6,16,20,25,34,40+31,32
1,9,28,36,38,39+23,30
1,12,21,25,32,39+10,13
3,7,9,23,28,37+27,32
3,5,8,14,20,39+10,25
11,17,21,23,27,35+26,37
1,22,24,28,30,38+5,9
1976
11,15,16,27,31,38+25,37
2,15,17,21,36,39+26,28
1,5,10,13,27,29+20,34
3,4,9,16,34,38+17,25
6,18,27,28,30,37+8,34
6,17,20,24,33,34+16,39
4,22,27,28,31,36+1,34
5,7,16,21,33,35+10,22
3,4,23,26,27,34+6,14
6,7,21,30,34,36+9,18
8,11,20,21,22,29+6,37
16,19,23,24,28,31+12,32
3,5,16,17,22,30+6,31
1,11,17,19,29,34+35,39
13,15,18,20,30,34+1,11
3,5,14,27,30,36+8,29
5,11,19,21,22,24+14,37
4,10,34,36,39,40+27,37
7,9,25,35,36,39+4,16
3,14,15,22,25,40+3,38
3,7,9,16,19,21+4,32
3,10,17,20,26,33+6,39
2,8,9,19,21,38+4,34
5,6,19,22,25,35+3,21
6,9,24,26,29,31+12,19
14,17,28,32,34,38+11,24
5,12,15,17,26,40+21,33
3,22,25,26,29,33+8,11
14,15,17,35,37,38+20,31
4,13,14,20,24,40+3,5
2,8,30,37,39,40+13,14
13,20,27,32,34,38+10,18
3,4,6,12,23,35+8,14
9,10,14,20,23,29+13,33
2,4,14,29,36,40+6,11
2,11,17,20,26,38+15,28
3,5,8,14,26,32+11,37
16,18,20,29,30,34+10,33
1,4,20,21,26,31+8,25
5,7,12,17,20,35+14,30
1,2,25,59,32,37+23,35
7,13,25,29,34,37+9,40
2,5,9,23,35,36+24,39
5,7,10,11,30,36+15,16
9,11,13,24,25,35+8,26
4,16,17,20,24,32+18,35
9,11,15,26,27,36+12,24
2,6,7,12,25,29+4,10
1977
1,18,24,28,36,37+4,16
3,4,17,30,32,40+8,39
4,16,17,21,25,31+12,38
2,8,15,21,22,24+11,39
10,16,18,20,29,38+5,19
1,9,11,23,26,29+3,12
1,10,12,13,21,28+24,32
10,14,20,32,36,38+18,29
1,2,7,35,37,40+8,27
1,7,8,18,28,32+13,33
9,14,20,28,32,36+2,31
20,29,31,33,36,38+1,21
7,20,25,26,34,40+2,19
1,13,20,27,32,38+15,39
3,8,14,18,20,23+11,34
10,23,30,31,32,34+18,39
1,2,18,31,34,39+25,27
5,6,10,28,34,35+8,30
3,22,25,26,31,34+35,38
9,15,19,24,35,36+28,38
5,7,10,27,34,38+6,16
12,16,18,26,34,36+35,38
3,21,23,27,29,37+11,18
3,15,17,30,35,38+31,33
1,5,9,12,29,30+10,25
10,17,24,26,33,38+1,9
7,11,12,32,33,39+13,21
5,28,30,31,32,40+19,24
6,26,30,32,34,38+8,14
4,6,13,22,25,34+37,40
4,7,32,34,35,38+20,36
3,6,18,30,31,33+24,34
5,12,22,27,31,37+17,36
3,6,17,34,39,40+15,32
12,16,21,30,32,35+24,33
12,22,27,35,36,40+17,23
1,9,14,23,31,34+18,24
2,6,13,21,28,36+1,31
1,7,13,15,26,29+6,27
2,3,5,13,26,31+21,39
3,17,20,22,34,35+25,31
3,11,15,28,36,38+17,23
4,16,18,20,21,26+17,24
4,8,25,27,34,38+24,39
1,10,11,18,22,36+27,28
1978
7,17,23,30,32,34+22,29
3,9,10,16,37,38+19,34
8,11,27,31,33,37+34,39
1,10,38,30,32,33+17,26
7,17,18,21,33,34+14,16
20,21,24,28,32,35+15,30
5,8,19,27,38,40+18,20
7,13,20,32,37,39+15,26
15,24,31,32,35,40+11,27
8,17,19,26,38,39+24,34
3,12,14,16,25,37+24,36
2,3,31,32,35,36+22,26
1,3,7,29,30,31+11,18
2,3,6,13,27,35+22,29
1,3,14,16,20,35+7,37
2,6,8,13,16,38+25,27
2,14,17,24,26,40+1,36
3,5,7,9,13,37+21,34
1,4,8,10,19,37+9,33
1,10,14,19,21,24+18,20
1,10,14,15,32,37+17,33
13,14,17,33,36+18,30
7,20,24,30,37,40+13,39
4,9,18,21,35,40+6,27
1,6,14,17,18,22+30,32
6,7,1,15,35,36+2,26
2,6,17,27,35,38+31,34
1,7,13,15,30,32+14,36
8,14,16,26,27,31+1,21
7,8,13,19,23,25+26,32
1,8,13,20,34,38+21,31
15,19,25,29,32,24+13,18
10,11,17,26,30,31+8,18
2,11,14,27,34,40+4,12
6,7,12,15,3032+10,29
4,6,28,30,32,37+26,36
13,16,21,25,37,39+10,38
1,5,7,17,28,34+21,25
4,7,18,23,32,39+3,8
5,9,10,36,37,40+20,35
6,7,24,25,27,30+5,17
9,15,18,21,34,37+2,31
8,17,18,22,27,32+4,20
12,15,23,27,31,37+3,30
1,4,5,9,17,20+6,36
8,11,12,14,18,39+9,15
2,5,21,25,27,32+28,40
5,6,8,9,13,19+3,12
1,3,11,18,25,39+5,35
10,11,20,33,34,35+5,19
1,2,5,10,13,14+4,9
7,10,11,13,21,34+6,31
1,4,19,21,31,33+6,18
1979
4,24,26,29,32,36+5,27
5,12,13,17,18,39+4,6
12,15,23,27,31,37+3,30
1,4,5,9,17,20+6,36
8,11,12,14,18,39+9,15
2,5,21,25,27,32+28,40
5,6,8,9,13,19+3,12
1,3,11,18,25,39+5,35
10,11,20,33,34,35+5,19
1,2,5,10,13,14+4,9
7,10,11,13,21,34+6,31
1,4,19,21,31,33+6,18
4,24,26,28,32,36+5,27
5,12,13,17,18,39+4,6
7,20,21,28,37,39+1,4
3,16,21,22,29,38+4,18
2,4,5,11,13,38+29,37
7,16,17,20,25,37+3,4
1,5,14,16,35,38+7,34
1,2,4,6,18,23+7,8
4,5,14,21,29,31+3,6
5,10,16,20,31,34+17,25
6,11,13,21,31,37+22,27
8,10,17,25,35,37+15,32
3,13,14,15,23,24+16,25
10,15,17,28,39,40+20,21
3,6,9,15,34,37+31,39
5,7,9,13,19,31+20,39
4,11,18,20,31,35+5,17
3,4,15,18,21,35+29,37
9,15,27,33,34,35+29,38
16,18,19,22,26,33+21,37
1,5,13,22,23,27+6,20
5,7,24,28,34,38+15,16
7,8,18,21,29,36+17,24
1,12,21,29,30,39+23,32
2,4,6,19,29,30+10,14
4,12,17,21,27,37+15,29
6,10,25,28,30,36+18,27
1,6,14,23,27,30+21,39
1,3,5,15,24,29+22,37
2,8,9,10,29,32+3,40
1,6,11,19,22,27+15,17
14,18,30,31,32,40+1,15
1,5,9,12,27,33+32,34
1,10,16,19,23,35+25,30
2,8,13,14,28,37+30,33
11,15,17,26,31,40+4,28
5,17,24,31,35,38+2,22
5,17,21,29,30,31+14,24
6,18,22,24,25,32+8,35
3,5,13,15,35,40+2,14
2,5,16,21,22,26+30,40
3,5,6,7,11,38+9,31
0,14,15,17,25,31+6,16
2,11,14,19,38,39+21,28
4,7,25,35,36,37+13,22
1,8,15,24,25,34+11,19
3,11,22,23,27,37+8,10
1,3,4,19,20,26+24,27
4,5,12,16,27,33+6,11
3,12,22,26,29,34+16,27
1,4,24,32,35,38+7,21
1980
3,5,8,14,20,31+9,23
2,3,4,10,21,37+17,34
1,14,22,29,30,33+18,20
1,5,7,11,24,28+14,21
1,2,16,17,24,28+11,21
2,25,32,34,37,40+1,15
5,7,8,10,17,18+11,16
2,6,14,15,17,22+5,12
1,4,8,14,24,31+18,30
15,19,20,21,24,31+22,30
1,2,3,18,25,28+10,18
6,22,23,24,37,40+12,15
1,6,12,18,24,38+17,22
1,5,19,29,31,37+6,25
1,17,19,34,39,40+2,15
2,15,18,29,33,37+1,7
1,2,5,7,22,31+10,34
4,5,13,17,32,34+3,9
2,4,13,17,34,37+24,25
1,7,13,22,24,32+25,26
1,3,8,9,18,25+5,32
1,9,15,18,26,40+7,11
1,8,12,30,36,39+3,28
1,2,8,21,22,40+6,9
2,8,20,31,34,36+27,39
1,18,19,24,30,34+3,27
2,7,13,20,27,35+9,28
1,3,6,7,15,38+2,28
14,16,26,28,29,37+2,21
11,14,18,22,30,34+8,9
3,9,13,16,21,36+8,15
1,2,9,18,37,39+11,31
8,14,17,32,34,38+18,30
1,7,15,22,33,40+8,11
3,14,23,29,33,37+8,31
2,5,7,8,11,27+15,21
3,6,22,23,25,33+26,39
2,6,12,16,30,39+24,40
7,10,19,23,29,34+8,25
7,8,9,16,17,18,30+2,10,12,36
1,2,3,7,20,35,37+4,8,17,26
3,6,8,9,12,16,24+10,11,30,31
5,7,14,18,24,26,31+1,6,17,27
3,5,19,21,26,27,29+1,15,16,30
3,13,18,22,30,31,36+1,4,9,24
6,7,20,23,32,35,36+1,2,4,18
1,4,7,10,19,26,33+2,11,12,14
3,9,24,25,29,33,34+1,5,17,20
4,12,14,21,25,31,33+15,19,22,36
3,7,8,15,19,23,32+4,5,20,24
1,3,6,13,17,18,20+4,7,23,37
5,7,8,16,21,28,29+4,20,25,37
1981
2,3,12,14,19,26,30+13,24,34,37
1,12,15,16,20,29,31+13,21,23,28
5,8,10,15,20,26,34+1,3,12,30
1,9,16,17,25,26,33+5,15,20,36
3,4,15,25,31,33,37+1,14,22,27
2,5,7,11,24,29,37+4,13,20,35
2,4,5,13,14,15,36+1,6,29,31
3,5,15,16,18,29,35+4,23,24,33
2,3,7,18,23,26,37+6,19,20,27
2,4,5,16,18,22,31+15,24,26,27
1,4,5,6,7,22,29+3,12,19,31
4,9,18,23,24,30,32+5,8,25,37
5,9,18,23,25,34,37+8,13,14,35
3,5,6,14,16,25,35+2,20,22,31
2,4,6,8,24,31,37+3,14,33,35
6,12,17,27,29,31,35+8,20,21,24
3,8,13,14,16,26,29+22,23,27,34
2,9,13,15,22,27,31+7,14,16,33
1,3,7,17,19,22,34+12,30,31,33
5,8,10,16,19,21,32+3,17,18,31
1,7,9,11,19,28,29+5,12,32,34
5,9,12,15,16,22,37+2,25,33,34
2,9,15,18,23,34,35+1,5,11,24
1,5,17,20,21,31,35+3,18,28,33
5,10,20,21,29,36,37+6,12,19,26
4,10,14,21,23,28,30+1,3,9,13
3,5,7,9,10,13,33+4,14,18,22
8,17,21,22,23,26,32+6,14,24,28
2,5,14,15,20,24,26+3,6,21,33
8,9,10,16,21,28,31+11,23,25,37
8,14,19,20,25,28,32+1,5,21,22
3,10,14,20,23,26,33+8,25,28,34
4,18,21,22,31,32,34+1,2,33,36
6,8,22,24,26,32,35+2,16,25,30
1,8,13,16,30,34,35+3,12,18,29
3,6,8,9,12,15,30+1,14,19,22
5,13,16,21,25,26,35+7,17,29,36
5,6,8,14,15,22,25+10,11,24,28
3,6,8,10,19,30,33+5,9,15,37
1,11,16,23,27,35,36+2,7,17,31
1,3,6,22,24,31,33+10,13,17,30
4,7,11,15,17,28,33+1,6,12,13
1,3,4,6,7,18,25+11,13,23,33
3,5,8,9,10,31,36+1,21,26,27
18,20,21,22,23,24,26,33+4,5,15,36
1,2,3,5,13,16,29+4,10,25,30
3,7,12,13,15,22,35+8,19,28,34
3,4,21,26,27,29,36+7,17,18,20
3,5,9,17,19,34,35+1,22,26,28
1,3,6,13,14,31,32+5,10,19,23
2,7,8,12,24,30,35+5,10,22,27
2,3,4,9,15,18,37+11,16,25,35
1982
7,10,11,18,19,31,33+2,4,17,29
3,5,6,13,17,24,36+7,21,33,37
1,8,13,14,17,20,37+11,18,25,26
7,13,17,19,28,33,34+1,6,8,15
9,12,15,29,23,24,31+13,18,21,28
14,15,16,22,26,27,30+2,29,32,33
4,10,15,17,18,20,37+7,13,14,22
2,4,9,10,14,17,22+3,6,18,36
6,7,20,24,25,29,37+19,21,30,31
2,9,10,15,17,21,25+3,7,11,13
2,7,13,18,23,25,37+1,12,17,22
1,2,3,9,15,17,23+5,7,12,18
7,18,20,21,29,35,37+3,4,13,17
3,4,17,18,26,34,37+4,19,21,30
2,5,10,17,19,20,34+4,13,21,32
1,5,7,19,23,25,37+14,16,24,28
6,15,20,22,30,32,33+4,14,29,31
1,2,7,12,16,32,34+5,18,20,36
1,9,14,24,29,34,37+6,19,22,36
1,3,13,14,20,23,29+9,16,19,32
1,11,12,15,20,27,33+6,22,28,30
3,4,7,9,10,14,28+1,5,30,32
3,4,6,8,19,21,25+17,24,29,31
7,17,18,23,27,28,31+2,3,15,16
2,3,6,8,18,21,32+13,16,17,29
4,8,9,14,18,27,37+5,12,22,32
1,7,8,9,14,21,34+4,15,18,36
6,7,13,14,26,31,32+2,15,17,34
7,12,13,20,21,24,31+5,19,27,37
1,5,7,8,9,19,29+6,12,24,25
5,7,13,14,19,29,36+4,31,35,37
1,8,13,16,19,27,29+9,12,15,17
1,3,10,19,22,25,37+4,9,14,30
4,8,10,11,23,27,33+14,18,24,34
2,8,16,22,24,32,37+3,19,23,36
5,17,19,21,28,32,37+4,8,12,28
15,19,23,27,28,30,34
7,8,12,29,30,36,37+3,4,24,25
5,6,20,21,22,25,27+2,3,30,31
2,8,19,22,31,33,37+10,21,34,35
9,12,18,21,28,30,36+5,7,14,17
1,12,14,18,22,23,34+6,8,9,27
2,8,18,22,24,33,37+9,20,28,36
5,8,15,21,32,33,37+18,19,27,28
1,4,5,13,17,23,25+7,8,9,37
1,3,4,10,15,19,23+14,18,27,35
4,6,10,19,20,23,30+2,3,16,24
4,8,12,15,26,30,37+5,18,25,28
10,12,13,18,23,30,32+1,5,11,25
1,2,3,11,12,17,23+8,20,27,37
3,11,13,16,20,23,33+5,8,36,37
7,9,11,16,20,23,36+3,13,28,23
1983
4,11,12,14,20,22,24+5,6,29,37
2,6,817,19,30,33+4,10,14,20
3,7,10,14,18,27,29+1,24,25,35
3,4,11,17,18,24,25+2,6,15,31
7,10,13,16,22,23,36+4,9,21,25
1,4,11,12,17,33,35+5,9,15,16
6,15,16,18,19,23,35+1,7,21,33
3,7,10,24,28,31,34+1,4,12,33
2,3,5,18,24,32,36+4,8,10,21
1,9,10,15,17,22,33+2,5,12,13
11,12,16,18,26,30,31+1,3,4,32
6,12,13,25,26,27,34+9,14,29,30
3,9,14,16,30,31,37+12,26,28,36
1,10,13,14,15,19,29+3,9,21,27
3,4,9,12,22,26,27+6,8,32,33
8,11,12,18,24,29,32+7,31,34,37
1,16,19,27,29,30,32+8,,24,26,31
2,7,8,10,15,16,24+4,5,18,34
3,4,7,11,12,14,29+8,9,23,36
10,12,15,25,27,32,35+14,21,34,36
1,4,13,15,26,28,29+14,21,22,27
7,9,16,27,33,34,36+3,6,20,37
8,14,15,26,227,29,37+2,11,16,17
1,6,16,22,24,36,37+3,5,26,29
1,2,19,21,30,33,35+6,12,20,31
8,14,16,17,25,26+6,9,10,11
2,5,8,21,22,23,28+6,10,25,33
1,5,8,21,24,32,37+2,15,18,33
4,7,,11,14,21,33,37+8,15,25,31
1,5,6,9,12,19,25+4,18,22,28
6,9,14,16,21,24,31+3,13,17,27
4,9,15,21,22,24,28+6,8,17,18
6,21,22,24,25,30,35+13,31,33,34
2,5,8,15,20,22,32+12,18,19,34
6,22,26,29,30,33,34+2,7,9,37
3,7,11,12,13,33,36+2,20,23,31
9,10,13,15,18,27,33+7,11,25,31
1,2,4,22,25,30,34+7,9,11,17
2,4,6,7,11,14,16+12,34,35,37
6,10,14,19,31,35,36+1,5,28,32
8,12,14,16,22,25,32+5,9,21,36
1,5,7,13,16,31,37+3,4,12,15
8,11,16,18,19,25,32+6,21,22,24
4,8,10,19,25,27,37+3,16,17,20
6,7,11,16,17,18,37+9,23,24,28
4,15,17,25,31,35,37+14,18,29,34
1,2,13,20,25,35,37+3,19,27,36
7,21,25,32,33,36,37+11,22,30,31
3,10,19,25,32,33,35+1,6,21,28
7,12,15,19,23,25,35+17,18,31,34
1,3,6,21,22,23,33+7,12,13,32
2,4,7,12,21,23,24+6,16,20,32
1984
3,6,7,20,26,28,35+5,8,18,24
6,11,14,22,30,36+2,15,18,29
5,7,9,14,18,32,33+2,6,13,31
4,5,10,11,12,14,24+7,20,21,30
1,3,4,11,17,30,36+7,23,24,25
2,6,14,19,26,29,35+3,7,23,31
3,11,18,21,23,27,28+6,9,16,37
8,13,14,16,27,28,33+5,6,15,25
1,7,15,18,28,32,36+3,9,30,31
4,6,14,22,30,36,37+12,16,21,25
5,11,16,21,25,27,37+2,18,28,31
2,3,20,21,29,34,35+1,7,8,15
3,13,17,20,23,25,27+1,5,8,26
5,9,16,24,29,31,35+11,21,34,36
1,5,10,17,22,28,31+12,30,32,35
3,11,14,20,24,25,29+12,34,35,36
8,9,12,14,18,20,23+17,25,27,28
3,4,7,10,21,31,37+9,11,12,36
1,15,16,17,23,25,34+7,13,22,37
8,12,13,16,18,19,26+4,15,22,28
1,2,9,10,25,27,29+15,20,23,24
3,6,7,11,21,23,37+8,19,27,29
19,20,23,29,33,36,37+10,12,21,25
2,7,10,11,17,21,36+1,16,18,30
15,16,18,26,35,36,37+4,14,19,33
8,12,13,15,20,22,32+24,34,35,37
1,2,15,23,29,34,35+6,17,21,37
1,2,13,19,26,30,35+3,18,31,33
1,10,13,21,22,25,31+6,7,26,29
3,4,13,21,33,34,37+5,6,16,20
1,8,12,18,22,28,30+19,20,25,29
6,7,11,15,25,27,35+2,13,19,33
2,6,14,15,22,28,34+4,18,19,21
11,13,21,28,29,33,36+1,3,12,23
6,8,15,18,26,30,35+16,20,24,36
1,6,11,14,25,30,36+4,12,20,29
1,4,5,16,19,29,31+12,15,25,26
10,11,12,13,19,20,32+3,7,18,22
3,9,24,26,27,35,36+4,5,15,34
4,6,8,10,16,22,37+1,7,15,26
2,6,10,11,18,23,24+21,25,31,35
12,17,18,21,24,26,30+1,15,33,37
1,3,4,11,16,21,30+15,19,26,33
3,7,9,18,25,26,36+1,19,32,35
2,4,5,8,14,27,29+6,10,23,30
3,5,6,11,28,29,33+12,13,19,21
1,5,9,19,24,33,37+10,11,15,21
3,6,19,28,34,36,37+11,13,17,35
9,15,16,19,24,26,30+7,18,22,32
2,4,11,16,24,27,30+12,13,15,20
4,10,19,20,28,30,31+1,3,7,23
2,3,4,14,16,32,35+5,7,21,23
1985
5,6,7,10,12,15,29+11,18,34,37
5,12,15,21,28,33,35+3,8,14,22
4,5,11,13,14,22,33+7,24,29,30
2,3,16,17,27,34,37+4,9,29,35
3,4,20,26,28,32,35+9,17,27,34
1,3,7,8,10,35,37+2,9,27,34
6,7,9,11,17,21,30+8,18,25,31
3,9,12,15,19,22,26+2,17,18,23
15,17,18,25,28,30,33+7,12,13,35
1,4,15,21,22,23,25+8,19,24,32
2,9,16,22,32,35,37+3,8,23,34
1,6,7,8,18,21,31+2,29,30,37
1,3,10,13,16,25,28+5,11,22,35
2,6,14,29,32,34,35+8,115,27,30
2,6,11,12,20,23,32+21,22,28,33
6,8,19,22,24,33,34+5,13,15,28
13,14,16,18,19,27,35+23,24,28,32
7,8,13,16,20,23,32+4,10,30,33
14,17,23,26,29,31,34+2,5,10,32
3,11,14,17,19,27,34+6,18,24,30
8,16,18,19,24,32,33+11,28,29,34
3,9,13,22,28,32,37+2,6,15,33
9,17,21,27,28,30,34+1,3,4,10
15,18,23,26,28,32,37+1,3,16,24
9,10,13,14,20,23,24+8,25,29,30
5,7,12,15,23,26,33+20,30,34,36
6,13,16,20,21,25,36+2,9,30,32
14,19,23,27,29,30,32+6,9,11,24
6,7,14,18,19,33,35+21,25,29,34
9,10,11,27,29,31,35+21,25,29,34
3,5,12,17,27,28,30+2,6,9,15
13,15,16,17,21,35,37+3,7,9,19
9,13,14,15,23,32,37+8,25,26,28
2,6,7,14,20,36,37+3,11,25,28
10,12,13,19,27,28,32+6,14,18,24
1,2,3,5,10,13,22+4,31,33,36
6,7,11,21,27,31,34+2,8,15,29
1,4,9,14,21,27,37+11,29,30,34
8,12,16,18,23,35,37+1,6,15,22
5,6,12,14,17,25,34+3,32,35,36
11,17,20,22,23,31,36+2,3,14,34
3,5,9,20,26,29,35+4,12,13,33
1,2,23,26,31,35,37+8,22,27,28
2,4,14,22,24,27,30+10,15,28,31
4,6,14,15,23,24,30+25,26,33,36
4,7,13,19,28,29,34+10,11,14,31
1,3,13,22,24,27,29+2,4,9,19
1,2,6,9,11,19,28+24,31,33,37
4,9,11,13,20,25,36+10,18,28,35
7,9,12,18,19,36,37+6,11,14,23
1,2,5,8,25,29,37+3,18,23,31
4,9,11,15,26,27,34+6,23,25,33
1986
1,5,11,14,22,23,34+25,31,32,33
3,9,17,21,22,27,36+
5,11,13,14,31,32,36+
1,7,15,28,34,38,39+
6,16,17,19,28,35,36+
1,10,16,19,27,29,32+
5,8,16,17,21,30,39
2,8,10,14,22,25,30+
4,12,21,26,27,32,35+
3,12,17,22,26,28,32+
1,3,8,10,15,23,29+
1,2,8,9,12,16,35+
1,3,7,13,17,20,25+
8,14,15,20,23,36,38+
2,4,13,15,23,24,28+
1,2,7,8,12,19,36+
6,8,10,11,13,27,28+1,4,21
2,3,6,9,26,28,36+18,35,38
3,9,11,14,29,34,39+2,12,19
3,4,13,21,28,31,33+27,30,38
12,16,27,31,32,33,38+2,6,10
5,9,16,27,34,37,38+6,14,22
5,14,16,17,24,26,38+3,19,27
1,13,14,32,35,36,39+2,7,21
13,16,22,24,30,31,35+1,19,32
1,15,18,22,25,38+6,10,16
5,6,7,9,18,20,32+12,19,39
3,7,20,23,25,29,35+30,31,33
8,12,13,17,19,25,27+4,15,35
2,8,17,22,28,30,31+12,23,36
2,8,16,17,30,32,35+18,27,31
1,7,8,9,10,21,31+5,16,39
9,11,21,24,31,33,34+27,30,37
5,8,11,12,16,21,28+24,29,39
1,3,5,17,2123,28+2,29,39
4,6,12,20,33,34,37+16,22,23
11,12,15,21,26,29,30+7,25,39
2,21,23,26,27,32,34+11,14,28
8,11,15,25,27,3,39+4,6,14
3,10,14,15,16,18,35+5,8,26
5,19,25,31,32,34,36+8,17,33
1,2,14,24,25,26,37+1,19,33
1,2,13,16,21,24,36+9,10,34
8,16,17,19,21,36,39+23,27,30
1,12,18,29,31,35,36+13,15,28
8,10,13,15,24,34,39+7,20,38
4,14,16,19,26,29,36+9,17,20
3,5,9,12,18,27,28+13,21,22
4,9,10,21,25,26,30+11,16,28
5,11,14,16,17,30,35+22,29,31
1,7,10,14,22,24,29+2,16,21
11,25,28,30,31,32,35+17,20,22
1987
9,14,15,17,24,25,27+4,10,37
4,5,11,19,20,37,38+13,17,23
7,8,10,12,20,22,31+24,25,29
13,20,25,26,28,30,36+5,6,34
7,11,12,25,26,35,37+16,17,30
5,6,7,8,12,17,25+26,27,33
2,15,16,21,22,23,24+17,26,27
2,14,15,17,18,20,27+6,30,37
3,9,16,17,18,33,37+5,15,22
8,9,17,28,34,35,39+16,29,37
4,6,14,17,19,33,37+2,38,39
11,15,16,23,32,34,36+2,8,33
6,9,21,22,26,38,39+3,13,20
2,6,12,13,19,24,32+21,31,35
1,7,16,19,24,34,37+4,15,20
1,5,9,10,27,34,39+4,28,33
8,22,25,32,36,37,39+5,24,29
2,7,8,10,23,33,35+18,19,27
11,14,17,30,33,34,37+8,12,39
6,13,17,21,22,24,25+9,16,35
2,9,18,21,34,35,36+25,33,38
5,7,25,27,31,34,39+6,10,33
8,14,17,25,34,35,38+7,9,22
8,15,19,22,27,36,39+5,11,37
4,15,19,21,28,29,37+3,11,38
1,2,3,8,9,23,25+5,7,29
1,2,24,27,37,38,39+5,9,29
1,11,18,22,29,36,37+23,33,39
2,8,12,14,22,26,36+9,32,37
8,11,16,20,22,27,33+1,2,25
13,17,20,22,27,33+1,2,25
13,17,20,23,25,30,38+2,8,21
2,4,12,23,29,37,38+16,22,28
6,9,11,14,20,24,34+3,26,31
5,7,13,15,17,19,30+8,20,39
1,11,20,25,27,34,38+9,17,28
4,6,16,25,30,31,33+1,28,39
4,7,12,24,28,33,34+2,5,27
3,10,14,21,23,27,37+17,35,39
8,10,11,19,26,30,35+2,14,29
10,23,25,30,32,34,36+3,4,19
6,9,21,23,24,35,37+16,20,28
12,13,17,24,25,29,34+1,14,27
7,8,18,19,22,32,38+6,12,26
3,5,18,21,24,26,31+9,12,32
4,8,13,21,22,34,37+10,25,35
4,5,12,13,19,30,32+1,3,26
8,11,13,16,19,27,39+9,23,34
4,5,8,10,17,20,23+6,12,22
2,8,16,17,26,31,34+22,37,39
10,17,21,26,28,29,37+11,12,35
3,7,10,14,22,27,36+5,23,33
4,7,11,12,13,30,38+5,36,39
1988
8,9,20,22,25,29,33+1,13,32
6,7,11,16,28,37,38+5,29,39
4,15,19,23,25,27,29+7,12,38
1,13,14,18,24,31,36+10,34,37
1,19,25,26,30,35,37+2,9,36
8,15,16,25,27,29,36+1,2,9
5,14,23,27,30,33,36+4,7,31
1,3,16,20,21,25,36+5,14,33
4,14,17,24,32,33,34+1,10,22
2,5,15,16,18,20,21+8,11,19
13,15,22,30,31,36,37+5,14,19
4,12,19,26,34,35,39+14,28,33
5,7,8,24,26,33,34+6,20,30
2,12,15,26,29,37,38+7,18,33
1,5,6,9,28,31,38+15,23,34
13,14,17,21,24,30,31+4,12,37
3,6,20,22,24,26,32+14,23,36
3,4,10,16,17,21,24+13,14,35
6,7,8,12,14,22,27+17,27,36
7,9,14,19,23,24,29+11,28,37
2,6,11,13,17,33,39+15,19,27
2,9,22,26,27,28,32+5,18,34
10,14,16,23,24,28,29+2,20,37
7,17,18,22,34,36,38+9,13,32
6,10,25,30,34,35,36+11,13,15
2,3,11,13,21,26,39+12,24,30
6,18,21,27,28,31,33+9,13,19
1,2,4,5,9,10,33+16,20,23
9,20,24,26,27,34,38+1,14,18
3,4,10,12,18,25,34+14,15,21
9,14,15,16,22,31,36+3,7,12
1,12,23,27,33,34,35+14,16,30
15,19,244,32,33,35,36+3,10,21
1,5,6,12,18,35,36+29,38,39
8,17,19,25,26,29,11+7,14,24
5,7,28,32,33,35,37+18,22,26
3,4,14,20,21,24,39+22,25,37
1,13,16,22,26,32,37+20,30,39
5,6,13,14,16,20,33+22,26+37
7,12,25,27,28,30,34+4,19,29
8,9,11,13,19,30,39+10,26,28
3,5,16,26,28,33,35+6,9,32
3,16,17,19,23,26,39+7,14,38
1,2,6,12,17,22,29+13,18,34
6,21,22,24,25,30,38+9,11,31
6,12,18,21,26,31,32+2,4,29
3,4,7,8,11,13,16+18,19,29
3,13,20,22,23,32,37+8,19,26
10,13,15,16,27,31,35+3,12,36
2,4,7,16,20,27,36+17,26,28
4,6,7,11,25,28,31+27,35,38
1989
10,12,14,16,30,33,38+17,22,26
3,6,7,11,18,26,27+5,9,35
1,8,9,13,15,18,19+7,22,26
3,22,24,31,34,35,37+20,23,25
3,4,10,18,24,26,29+12,20,38
4,5,7,18,20,27,30+3,25,35
1,5,8,9,20,32,34+12,22,31
5,10,21,23,27,35,37+19,20,22
1,9,10,23,29,33,37+5,25,30
2,19,24,26,27,38,39+3,7,10
2,3,5,28,29,31,37+12,15,16
1,5,7,23,25,31,37+13,21,32
2,7,12,21,22,32,35+14,26,39
5,9,26,35,37,38+25,29,31
3,6,15,16,28,32,36+10,27,37
20,25,29,34,37,38,39+3,24,35
4,9,20,21,24,29+33+3,11,37
7,10,12,14,16,30,38+1,29,33
3,5,6,27,31,35,37+16,29,33
6,7,12,22,32,35,36+14,15,38
2,3,4,8,26,32,38+23,28,37
1,5,11,17,21,29,39+4,36,37
11,14,21,30,32,33,35+13,16,39
2,12,13,14,16,34,36+6,25,32
4,8,11,19,22,28,34+25,37,39
3,16,19,25,26,28,30+13,20,22
5,8,14,26,32,33,37+23,27,38
3,4,5,21,23,37,32+2,8,30
1,3,7,10,21,30,33+12,34,36
5,18,29,31,32,37,38+14,20,24
5,14,15,17,21,37,38+1,6,34
9,11,17,23,26,32,38+2,16,35
2,5,7,10,17,20,22+12,24,26
2,6,7,8,11,22,31+19,32,38
3,5,8,11,21,23,34+15,16,36
7,9,20,28,32,33,34+10,21,34
5,7,19,20,22,27,35+2,6,38
6,15,19,22,26,35,36+9,10,38
2,5,9,18,29,37,38+7,22,26
3,4,5,11,17,26,28+21,34,35
3,9,10,12,31,32,34+4,20,33
2,11,12,15,16,26,30+13,18,31
2,7,9,13,22,24,36+10,18,30
2,3,6,10,20,21,35+4,11,30
11,17,20,23,26,33,37+6,29,38
3,6,8,13,14,15,36+16,17,37
1,3,6,12,13,15,16+2,28,31
1,6,7,10,14,15,35+8,16,26
5,6,8,10,17,26,29+1,2,35
1,2,4,5,17,30,38+24,29,37
2,12,16,26,28,29,35+3,17,24
1990
1,2,3,10,26,28,29+8,12,33
17,19,23,27,29,34,36+1,35,39
4,9,10,14,16,30,35+11,15,20
3,5,16,31,34,37,39+7,12,33
6,10,12,13,19,26,31+3,11,20
6,15,17,20,22,23,37+5,8,11
2,5,7,23,24,30,34+3,13,38
2,9,24,26,33,35,38+25,32,37
8,11,14,22,27,29,35+4,6,18
3,8,14,20,21,26,32+9,10,30
1,6,8,14,19,20,35+11,12,38
4,7,8,12,21,28,34+16,17,32
3,10,16,18,22,23,29+25,34,36
1,4,15,23,32,33,36+3,7,38
3,7,9,10,15,18,31+12,16,24
3,9,10,11,24,31,33+15,23,38
2,6,10,13,19,35,38+7,18,39
4,8,17,19,20,25,27+2,12,16
3,7,9,14,19,20,37+8,30,32
9,11,19,20,29,34,39+16,31,38
2,4,19,22,26,34,38+7,13,18
1,6,13,17,18,27,39+11,22,33
6,9,24,35,37,38,39+7,18,27
4,9,10,11,12,26,33+16,24,37
6,8,12,16,21,32,37+4,17,28
1,3,6,7,17,26,33+20,31,37
7,8,11,15,17,19,31+9,33,38
4,8,13,14,15,36,39+3,28,35
3,15,20,31,34,38,39+12,17,30
8,9,13,16,19,21,27+7,12,32
6,14,20,25,30,32,34+17,18,23
7,8,11,19,26,31,39+4,10,28
1,2,3,16,20,23,26+7,18,33
1,5,12,20,34,37,38+4,14,18
9,11,13,18,23,32,35+4,29,39
7,8,10,15,32,35,37+1,17,21
1,5,10,23,25,31,32+15,26,39
10,19,20,31,33,35,36+2,8,17
1,18,20,23,26,32,37+6,17,30
3,5,10,13,14,19,23+1,22,28
7,8,19,21,25,30,36+11,20,27
5,9,14,21,24,32,35+30,31,37
2,10,11,15,19,32,35+9,12,34
7,13,15,18,27,34,35+10,17,21
5,9,13,21,27,31,37+19,20,36
4,6,13,15,22,27,36+10,31,32
13,14,16,30,34,35,38+11,20,23
9,10,13,17,22,23,37+11,12,14
6,18,21,24,28,33,38+5,11,29
1,2,4,7,8,14,19+5,10,22
7,15,22,29,31,33,39+14,17,18
1991
3,4,11,19,25,30,32+20,27,31
11,13,23,25,26,31,39+6,17,22
1,13,15,24,28,36,39+5,18,21
9,14,15,16,17,34,39+,10,21,33
11,15,19,22,26,33,34+21,24,35
5,8,15,16,20,31,38+3,21,29
1,6,9,12,19,20,36+2,3,5
1,4,7,13,14,26,36+16,19,31
1,4,5,9,14,17,37+3,6,15
4,7,14,18,19,28,35+15,16,17
2,4,10,18,32,36,38+8,25,30
1,7,9,11,32,35,39+20,33,34
1,18,22,26,30,36,38+3,13,29
6,9,15,19,20,23,37+3,5,27
5,6,7,21,25,27,37+2,8,34
4,8,9,10,12,20,32+18,21,22
6,9,11,16,17,21,23+27,37,38
9,16,21,31,33,36,37+22,27,32
3,5,7,16,19,23,28+1,31,38
7,8,15,21,32,34,37+1,4,27
1,12,16,17,28,34,36+22,23,32
1,9,15,17,19,31,36+11,14,26
4,7,12,13,16,28,30+2,34,37
5,9,11,13,27,33,39+14,26,34
7,20,24,27,28,30,37+3,9,35
4,7,9,11,19,20,27+8,10,36
3,7,10,14,25,32,37+15,19,22
7,11,18,19,21,23,31+3,8,28
4,6,7,10,11,20,26+19,27,36
2,11,12,16,21,32,33+6,14,37
8,9,13,16,19,33,35+1,3,34
3,7,8,11,15,16,32+4,12,21
6,8,15,21,22,29,36+16,24,33
3,6,8,26,31,34,38+14,22,29
5,9,13,19,20,21,37+1,28,29
3,16,17,25,27,31,32+4,22,30
5,16,17,22,27,35,37+2,9,28
6,8,11,12,26,29,38+3,7,35
3,14,16,17,29,33,38+7,11,35
4,13,24,26,31,33,35+5,16,27
1,24,25,26,28,35,37+2,16,18
8,13,25,26,27,35,36+6,30,39
3,5,6,7,11,36,37+9,19,34
4,5,6,10,19,31,36+7,22,28
1,3,6,14,16,23,28+15,24,34
10,17,18,28,31,35,38+9,27,32
15,32,33,34,35,36,37+1,10,17
7,13,14,20,26,30,31+6,12,29
4,8,9,16,19,24,39+12,15,26
11,12,15,23,25,28,34+24,30,33
12,16,26,30,33,34,38+6,17,36
11,12,15,17,18,28,30+20,36,39
1992
7,9,14,24,25,28,33+13,30,35
5,11,16,20,25,28,33+9,26,37
9,23,24,27,28,29,33+15,19,22
1,13,15,17,28,33,36+10,31,32
3,10,15,25,26,32,37+4,8,26
1,12,14,16,26,27,39+9,18,30
1,5,8,9,15,23,24+17,32,39
1,19,20,24,33,37,38+10,21,23
1,11,16,24,26,28,29+23,32,35
2,4,16,21,27,28,35+14,31,34
6,10,13,15,24,28,37+8,12,14
5,6,9,10,11,32,35+7,29,37
1,3,4,7,13,20,27+12,24,38
2,6,7,11,18,23,30+21,22,26
3,7,8,22,28,31,36+1,5,27
1,7,10,14,16,18,20+6,23,26
1,8,11,14,19,26,36+3,16,17
10,17,18,21,25,31,34+27,32,38
10,11,15,20,24,25,28+1,6,33
3,11,12,28,30,33,35+1,21,22
3,5,7,15,21,26,32+8,13,36
2,4,8,18,20,22,36+11,12,23
4,5,17,19,33,35,36+16,31,39
1,2,4,10,22,29,34+7,18,20
8,9,15,18,20,24,38+21,27,38
4,15,23,26,30,35,37+9,14,38
6,10,11,18,31,36,39+12,16,27
14,19,22,24,26,27,36+21,31,37
4,7,9,10,14,18,32+28,38,39
4,9,10,15,18,31,35+14,16,23
1,9,20,26,34,37,38+6,11,23
4,10,15,19,23,35,36+2,9,17
12,23,26,31,36,37,39+10,15,16
4,6,14,17,20,29,35+10,22,31
1,2,3,11,15,17,23+4,21,34
3,4,5,14,19,31,37+9,20,28
5,11,16,19,26,29,37+7,20,25
1,13,14,17,20,21,27+6,16,37
12,15,16,18,24,32,39+7,19,31
6,10,17,23,27,30,31+9,11,25
9,10,14,15,17,19,39+5,18,37
3,4,7,12,18,37,39+16,25,30
2,3,5,9,14,32,35+24,26,30
2,5,10,11,13,23,30+25,33,39
1,8,10,21,26,30,39+25,35,38
1,8,15,19,20,31,35+6,10,21
2,12,17,18,19,23,24+3,6,7
3,4,11,18,24,26,33+10,16,30
5,6,12,19,25,32,38+2,20,37
7,15,16,19,20,33,34+12,22,32
3,11,12,24,29,33,36+5,10,18
1993
4,5,11,22,25,33,38+7,29,30
5,10,12,15,21,29,31+19,27,37
2,11,14,20,21,31,34+7,25,33
2,6,23,26,33,34,39+1,5,20
10,12,17,20,21,25,36+6,27,38
2,10,18,21,23,29,35+3,7,13
3,6,8,9,12,23,25+16,32,33
10,14,16,18,29,32,39+4,6,30
3,5,7,28,29,30,31+6,35,38
4,6,7,9,15,20,30+3,28,34
1,3,10,24,27,36,38+20,28,32
9,20,22,23,27,33,38+8,35,37
3,4,11,22,31,32,36+6,12,14
15,17,22,30,33,37,39+3,11,12
11,16,17,23,26,33,36+20,34,37
7,8,15,22,27,28,38,+9,10,20
8,9,19,20,23,27,31+8,17,28
3,10,24,25,27,28,39+5,8,13
5,6,10,25,26,27,34+15,32,39
1,4,7,8,9,24,34+6,33,36
10,14,15,18,24,33,38+1,31,32
5,10,12,13,20,31,36+1,32,37
2,7,10,16,21,30,38+3,20,25
3,12,13,25,26,28,35+5,11,15
6,7,8,10,16,19,28+23,30,31
4,10,11,14,28,37,39+3,6,36
3,14,22,28,31,34,38+1,16,30
1,2,12,15,28,34,37+8,19,39
1,9,18,19,24,27,36+14,21,28
2,5,17,20,21,22,33+3,13,24
4,12,15,19,26,35,36+16,31,32
1,3,10,11,22,25,35+6,13,38
5,9,14,16,24,28,36+10,15,37
5,10,16,19,25,36,38+1,14,39
4,6,7,8,14,26,30+1,9,24
1,6,9,23,27,32,36+7,8,10
3,20,24,27,31,32,34+6,14,38
7,9,17,18,20,25,30+1,14,39
8,10,16,23,27,29,36+5,12,28
4,10,13,14,19,32,33+7,18,38
5,8,9,16,28,35,36+3,25,34
9,14,20,22,23,29,32+24,26,37
6,12,14,21,25,30,31+10,20,38
1,2,4,14,20,28,33+12,18,29
1,10,11,15,23,25,31+6,17,32
4,7,9,14,23,35,39+1,26,34
6,9,16,26,30,38,39+,3,4,5
4,12,14,16,20,22,26+17,28,35
4,6,12,19,25,30,32+7,21,36
2,5,12,16,25,26,37+32,33,35
1,20,22,23,24,20,29+7,12,21
1994
12,14,17,19,20,35,38+15,26,29
13,14,15,22,33,36,39+10,25,37
2,9,12,14,17,25,32+5,8,22
13,21,24,26,32,34,38+4,5,18
7,17,19,26,27,32,34+13,22,25
7,9,12,13,21,31,33+16,25,27
2,9,10,11,21,26,32+5,18,28
1,4,8,10,13,31,38+26,34,37
7,14,15,22,27,31,39+2,17,38
6,11,17,25,26,29,38+13,34,36
11,16,18,21,25,32,34+3,8,13
6,7,14,21,27,35,36+9,12,24
1,7,9,14,20,24,33+6,16,38
2,3,15,19,20,28,32+9,25,37
4,6,7,11,14,21,31+3,33,36
6,14,16,27,30,38,39+5,15,18
16,17,19,23,25,29,38+13,14,39
4,9,15,21,23,24,35+14,31,39
2,19,21,22,24,28,33+5,14,32
1,11,16,18,23,27,39+5,10,21
10,11,17,22,25,26,29+21,28,31
1,4,10,26,28,31,39+9,19,30
1,2,3,7,28,29,37+25,33,36
7,16,17,19,25,28,33+2,10,14
5,12,14,20,21,27,31+6,13,16
3,4,5,25,26,28,29+19,21,35
2,4,10,18,19,33,36+3,16,22
2,17,20,23,27,31,39+11,15,22
3,22,24,30,34,35,36+11,19,20
5,8,10,11,21,29,36+6,32,39
8,12,13,23,24,28,33+9,11,22
11,15,18,30,34,35,36+6,14,26
3,5,9,11,22,34,36+8,18,33
8,13,17,20,21,35,38+1,3,22
3,16,22,24,25,28,31+11,14,21
12,16,1822,24,31,36+4,8,26
10,21,28,32,34,36,39+14,17,30
1,9,12,13,16,25,37+4,28,31
10,13,20,30,31,34,39+11,15,16
3,5,13,27,32,33,36+18,34,35
4,7,10,11,12,17,19+13,20,23
2,18,20,23,32,36,39+3,15,38
2,16,20,28,32,35,37+3,33,36
1,22,25,28,29,32,37+12,15,19
8,12,18,20,26,32,38+7,16,27
5,12,13,16,32,33,36+7,11,27
4,14,22,30,32,33,39+3,15,19
5,9,11,13,16,30,37+17,27,39
1,2,12,26,28,30,35+4,6,16
6,17,18,20,26,33,35+13,25,34
7,14,15,16,21,25,26+11,12,36
1995
3,6,8,14,22,29,38+10,28,37
2,3,10,16,22,27,34+5,14,15
10,13,18,21,26,31,37+19,38,39
5,13,22,25,26,27,34+10,18,21
1,12,15,18,31,32,38+19,24,37
9,10,15,16,18,19,35+27,33,34
2,10,17,19,28,34,36+4,13,31
3,5,16,22,25,31,32+15,18,38
1,4,5,10,20,27,39+6,22,29
1,7,9,11,14,37,38+3,16,21
11,12,15,23,25,26,37+10,19,28
9,12,22,24,30,33,34+7,11,16
9,11,20,25,28,30,39+10,19,29
1,5,12,15,20,27,33+22,23,36
7,20,21,22,26,34,37+4,8,30
4,6,7,11,12,15,17+25,37,39
4,15,17,22,30,32,36+16,24,38
6,7,9,22,26,30,36+2,3,34
1,14,17,19,24,26,33+6,16,21
3,7,11,14,20,30,37+2,10,28
1,8,9,10,21,25,34+11,16,32
4,16,17,28,29,32,33+6,15,35
5,14,19,28,30,34,35+29,32,33
6,17,22,26,27,30,39+9,28,37
2,7,13,16,23,27,30+18,28,36
2,9,12,18,23,31,33+10,15,37
4,6,16,17,25,27,36+9,13,15
5,7,12,15,19,26,34+1,21,28
8,20,21,22,24,25,35+1,26,34
17,20,21,22,23,29,32+6,15,38
8,22,23,26,28,34,36+9,38,39
1,3,11,17,23,33,34+5,30,39
1,3,11,17,23,33,34+5,30,39
1,3,8,13,17,27,28+21,33,35
1,8,11,19,29,32,37+5,10,24
5,19,25,28,30,34,35+3,16,17
2,10,11,14,22,23,30+4,13,25
3,7,12,21,30,35,38+15,24,28
1,10,11,15,19,27,39+21,31,37
10,13,16,25,30,32,36+7,8,38
4,5,11,13,23,35,36+30,37,38
1,2,6,15,16,23,29+8,30,39
1,20,25,26,27,35,39+11,17,34
1,6,19,22,27,29,38+2,16,33
6,7,11,15,20,26,37+8,24,28
5,7,8,9,15,34,39+13,19,35
10,11,12,20,21,35,39+15,22,36
11,16,19,21,22,31,36+7,9,34
6,9,15,16,24,33,39+28,30,38
2,6,9,26,32,34,36+3,18,35
1,3,14,23,25,34,36+8,24,39
1,3,10,11,16,29,34+12,17,39
1996
7,14,16,21,30,35,39+15,26,38
4,9,14,16,21,24,34+29,31,32
8,9,10,13,21,30,31+14,34,35
5,7,9,15,18,21,24+11,12,39
2,6,7,12,15,16,17+4,27,39
3,17,19,22,31,34,39+10,12,21
5,16,20,28,31,34,39+1,7,19
4,5,10,15,22,32,38+6,20,34
7,8,22,26,33,35,36+1,23,24
2,7,13,28,31,34,36+11,16,26
1,7,10,16,19,26,37+4,11,13
5,7,10,11,20,22,28+16,24,36
4,5,8,10,11,29,38+3,13,19
9,17,19,20,33,38,39+21,23,28
1,5,16,20,36,37,38+7,12,30
3,10,11,15,20,27,37+2,30,33
6,10,12,18,25,31,33+9,16,28
2,12,21,23,30,34,37+3,5,36
11,13,24,28,35,37+3,10,20
4,6,22,29,30,32,37+13,14,20
1,2,19,21,28,32,34+4,16,30
3,9,16,19,21,30,37+23,32,36
8,9,11,13,28,38,39+12,17,19
2,6,7,20,26,33,38+8,23,31
1,9,23,27,30,31,34+2,3,24
2,20,21,26,30,35,38+11,12,39
5,10,12,13,23,26,31+6,21,39
1,9,11,15,25,29,37+8,14,38
5,7,9,17,19,30,37+11,16,27
6,8,9,11,28,38,39+1,23,35
13,15,19,23,26,29,35+7,25,27
6,10,13,23,24,28,35+1,33,37
5,6,7,10,20,29,39+3,21,37
8,9,13,25,26,35,38+17,23,28
14,18,22,25,26,37,38+1,6,28
4,5,12,24,31,38,39+8,25,33
2,17,21,23,28,29,30+6,13,14
5,9,14,23,26,34,36+15,19,31
5,11,18,24,29,30,35+31,32,38
7,17,20,22,23,29,31+12,15,19
8,9,10,17,23,26,27+21,24,31
6,9,19,22,26,36,37+1,16,27
3,5,13,17,19,26,28+20,24,37
3,7,16,21,30,33,39+5,17,20
2,3,4,7,17,20,32+8,14,38
1,3,4,12,20,30,36+14,27,35
5,7,18,22,28,36,38+2,17,26
4,8,9,14,20,22,29+6,26,27
4,14,15,22,31,32,37+7,9,30
2,12,17,19,23,25,36+21,31,38
9,17,18,28,33,36,38+1,10,11
1997
12,13,14,18,32,38,39+3,17,22
15,16,24,25,30,33,34+1,20,31
4,8,9,13,16,18,38+1,25,28
14,18,19,21,24,29,33+16,28,39
1,5,6,23,25,31,37+12,15,35
6,12,18,22,29,37,38+1,9,11
4,13,14,15,17,29,34+6,9,31
5,11,21,22,23,30,36+14,25,39
1,3,10,12,22,23,24+7,27,38
8,11,16,21,28,34,39+7,27,37
3,6,8,14,20,29,35+22,27,28
1,8,13,15,18,20,33+17,23,25
1,7,8,19,21,23,26+29,30,31
3,10,14,22,23,25,33+11,24,32
7,8,9,26,31,34,36+20,24,25
6,13,16,20,26,29,30+1,14,25
1,11,15,17,26,32,36+19,29,35
2,9,13,21,25,27,29+3,8,16
3,13,15,19,20,22,23+16,21,27
2,4,8,13,18,21,35+12,20,27
6,9,25,28,29,30,36+18,32,34
4,5,6,20,23,26,37+1,30,39
4,9,16,27,32,35,37+3,8,17
6,8,14,18,19,28,34+15,30,38
1,3,13,24,27,30,34+5,12,20
1,12,13,20,25,30,35+5,32,36
6,17,23,25,26,32,37+18,24,34
6,21,22,24,28,37,38+8,11,27
4,9,13,14,15,16,31+19,28,38
10,11,13,14,21,36,37+15,18,29
18,19,30,32,35,37,39+8,13,23
3,7,8,20,22,26,37+16,17,19
5,7,17,24,27,36,39+16,19,33
12,18,28,30,31,37,38+2,21,34
16,19,30,32,35,36,37+8,25,31
4,6,13,24,31,34,37+2,3,16
3,6,8,15,17,24,27+10,29,33
5,21,24,28,31,33,39+11,12,23
3,10,12,16,20,27,35+6,8,19
2,5,6,26,28,29,37+25,34,38
18,20,22,24,27,29,35+8,26,34
1,12,15,16,25,31,37+32,34,35
7,13,16,18,20,24,26+10,12,34
5,11,12,15,20,26,31+34,35,38
3,13,22,29,33,38,39+8,28,31
10,24,25,28,29,34,38+9,30,31
1,13,14,21,28,34,39+
1,3,10,11,22,23,29+15,35,36
6,14,16,17,25,28,29+23,31,34
5,6,13,20,25,26,33+1,17,19
2,3,18,22,24,36,39+5,23,28
1998
1,2,9,12,20,33,36+6,11,14
1,4,11,17,19,20,37+18,22,32
1,19,20,24,32,33,38+4,25,28
4,5,9,12,13,19,21+26,38,39
13,14,19,20,29,30,33+
2,4,22,27,36,37,38+5,6,17
6,8,9,19,26,28,30+5,14,24
7,12,14,16,21,27,29+5,33,37
4,14,16,19,25,37,39+
3,10,13,15,16,28,33+2,11,18
3,4,5,16,21,27,38+26,34,35
1,4,17,19,20,21,33+27,31,39
3,9,12,19,30,31,32+14,34,36
9,12,15,20,22,24,34+1,19,26
6,7,9,25,26,27,39+18,28,34
3,13,14,18,21,22,38+16,20,37
3,7,10,12,16,23,33+2,25,39
14,17,21,23,25,33,34+24,29,32
7,11,20,23,25,36+12,24,27
1,3,6,7,9,14,34+5,23,27
1,2,22,23,28,29,32+13,30,31
4,6,7,9,18,30,37+14,17,24
3,5,8,15,36,37,38+10,11,21
1,9,10,11,33,35,38+3,18,31
2,7,17,24,26,28,30+3,20,35
2,15,17,18,20,21,27+7,11,13
1,2,4,6,8,24,31+7,26,39
9,11,14,16,32,35,36+7,21,30
5,12,13,14,28,32,33+8,20,29
1,8,10,13,16,18,21+11,23,26
14,19,23,27,28,30,34+11,13,25
3,6,13,20,24,27,36+2,11,28
1,15,17,21,24,25,39+14,22,26
13,16,18,19,21,28,29+4,15,32
1,5,21,23,29,35,39+9,13,31
6,8,12,14,15,20,26+24,27,38
10,17,21,25,28,35,36+6,27,38
1,9,13,15,23,25,29+17,21,28
6,7,13,18,33,36,38+8,29,39
5,13,14,21,22,23,37+4,18,24
7,8,9,12,17,24,33+5,20,28
15,23,24,34,36,37,38+2,20,29
2,4,5,8,21,31,36+1,6,17
2,8,10,17,20,25,34+4,14,24
1,6,9,10,21,22,35+26,29,31
19,25,30,32,34,35,36+5,9,39
11,12,19,23,33,35,38+8,27,32
4,8,18,33,35,36,37+9,20,24
2,4,8,21,31,33,34+10,14,29
5,8,14,16,23,38,39+6,13,35
8,9,14,25,32,35,38+1,19,31
13,14,20,21,29,30,36+8,15,25
1,6,12,27,28,31,37+7,38,39
1999
10,11,12,28,30,33,35+9,13,32
4,12,14,17,18,23,38+1,21,22
4,10,16,20,24,29,31+5,12,21
2,8,13,14,19,22,23+10,17,37
11,21,24,25,32,35,39+31,34,37
5,7,8,22,29,34,38+10,31,33
2,6,8,19,24,32,33+7,14,39
3,4,19,23,25,27,35+13,18,21
1,8,9,15,19,28,39+2,5,24
1,2,12,14,19,36,38+4,7,13
2,3,8,13,17,19,21+24,25,33
1,3,15,17,22,25,27+10,28,36
7,11,13,25,30,34,35+2,17,18
5,6,17,24,25,29,30+2,4,12
1,3,18,22,25,29,33+14,34,39
2,12,15,18,19,22,28+5,26,35
2,3,19,20,29,35,37+9,12,38
11,12,16,17,23,24,28+9,20,39
2,14,23,24,28,35,39+5,9,21
3,10,19,25,26,28,33+22,31,34
2,3,19,20,26,35,37+14,27,34
2,13,15,19,21,24,33+5,17,32
11,16,18,19,20,21,26+5,23,27
7,9,11,12,14,30,33+2,10,23
5,19,22,29,31,34,36+2,26,28
1,3,7,11,20,31,34+8,10,16
5,12,14,18,20,22,34+15,16,37
1,2,5,7,20,26,35+9,10,37
5,10,11,22,23,28,39+3,8,14
1,2,8,14,29,30,31+10,23,34
1,12,19,20,27,28,35+9,18,38
2,8,10,15,16,22,39+21,23,31
5,8,18,19,22,23,34+7,21,24
2,6,8,15,20,29,34+9,21,32
13,18,20,24,32,35,36+1,4,30
5,9,12,22,23,26,31+10,19,39
1,2,11,13,21,31,32+9,14,27
1,7,26,27,29,31,34+6,18,39
1,7,8,14,20,36,38+9,15,32
1,3,12,15,16,29,36+8,33,34
6,12,25,26,27,31,39+13,16,21
2,10,12,18,24,28,35+9,31,37
9,14,17,21,32,33,35+3,12,27
2,6,8,10,17,20,25+1,11,37
8,9,11,19,22,30,36+27,31,32
3,4,14,17,25,35,37+10,21,36
2,4,11,26,34,36,39+15,18,37
6,7,16,24,29,32,33+30,37,38
6,10,15,18,23,31,33+11,27,38
3,11,12,13,19,36,39+27,34,38
2,11,17,21,31,32,38+4,26,36
8,10,12,17,24,25,30+
2,10,29,30,32,37,38+11,25,39
2000
10,13,16,27,30,31,39+12,28,38
3,15,16,25,29,33,39+6,20,30
1,5,19,23,25,31,39+2,14,30
1,6,7,9,14,23,34+22,30,37
3,7,17,18,27,30,35+26,28,34
9,12,13,15,18,19,21+2,7,34
2,6,7,8,13,26,35+1,4,14
4,9,13,19,20,29,34+16,27,37
7,9,11,13,32,36,38+12,21,28
6,10,22,23,30,33,35+3,14,28
3,13,14,17,23,24,37+15,22,28
5,6,14,22,24,25,31+10,23,39
2,5,6,10,24,30,37+21,29,36
2,3,10,18,19,27,36+14,17,38
4,15,20,31,33,36,37+12,16,27
6,18,21,28,30,33,36+12,17,38
5,7,18,19,20,28,32+2,6,29
2,5,8,11,29,36,37+1,3,12
4,8,14,25,29,30,37+12,22,32
18,20,23,27,35,37,39+6,12,29
3,12,14,15,16,20,37+1,4,18
4,5,6,11,19,29,34+9,30,36
7,9,14,19,23,25,39+2,26,29
3,4,9,28,29,32,34+25,35,37
2,11,19,23,27,30,34+3,8,38
4,10,11,13,16,18,37+2,27,30
18,22,23,25,26,31,34+29,30,37
9,11,14,15,24,29,31+18,25,28
1,5,7,10,16,19,21+9,18,33
4,5,9,14,17,30,39+7,28,32
2,11,17,25,26,32,38+1,30,37
2,16,20,22,32,35,36+23,33,37
4,6,8,13,15,22,37+20,24,25
1,3,18,20,24,28,33+15,22,28
8,9,10,11,18,34,37+
10,11,12,17,18,31,36+16,28,30
1,5,6,8,16,30,39+10,12,36
6,14,15,16,20,28,33+3,19,37
9,10,14,23,30,36,38+20,29,33
1,2,19,28,29,34,39+4,9,27
2,5,16,25,31,34,38+7,19,36
7,14,18,23,29,32,35+19,24,39
3,6,13,18,19,21,29+25,35,37
1,4,9,13,15,38,39+7,34,37
2,7,13,24,28,33,39+19,30,31
5,14,15,18,23,33,38+17,22,34
6,7,11,12,19,20,36+3,10,26
3,5,6,7,12,14,20+19,26,34
1,4,25,26,32,34,37+15,16,28
2,6,7,9,19,25,33+10,32,37
4,15,19,22,29,31,37+18,20,24
8,26,28,34,35,37,38+
2,3,10,11,12,27,30+7,17,38
3,5,11,22,27,33,39+2,4,10
2001
5,8,22,28,30,33,37+7,10,21
5,20,22,23,33,34,37+13,31,36
1,5,7,12,24,29,33+4,6,11
4,6,16,25,29,31,34+20,21,36
1,2,7,10,23,28,39+13,18,32
2,4,8,9,14,22,33+28,29,30
9,11,16,20,31,35,36+10,23,32
1,3,4,5,17,18,24+15,20,21
2,7,13,20,29,31,37+4,18,39
2,15,16,21,25,36,38+13,19,34
7,10,13,14,16,21,33+6,11,32
2,5,7,13,17,20,29+4,22,33
12,15,17,18,34,35,39+1,3,6
3,9,16,17,18,28,39+4,6,33
15,17,18,20,22,35,37+7,16,32
5,9,13,17,25,27,34+6,21,31
9,11,17,19,24,35,37+7,28,30
6,13,15,20,27,30,32+11,19,22
5,22,24,28,30,35,39+16,27,34
3,5,18,31,36,38,39+6,25,37
1,2,10,12,15,31,35+11,17,21
1,5,19,23,33,35,39+12,18,21
1,2,4,5,8,32,35+17,25,36
3,5,13,20,25,32,37+33,35,36
4,8,24,27,28,34,36+6,7,23
1,5,11,13,17,27,29+9,21,37
6,9,11,16,25,34,35+7,18,39
3,9,24,25,26,33,38+20,28,29
2,6,10,12,20,32,36+8,25,30
5,18,20,21,27,29,35+12,28,33
1,12,15,22,32,37,38+2,21,39
5,7,8,11,22,27,35+6,30,37
8,14,15,22,26,27,29+12,17,18
4,5,12,27,28,33,37+10,18,31
4,10,17,21,26,31,36+2,20,28
1,4,6,7,11,16,31+10,15,22
8,10,23,30,32,34,35+33,38,39
4,9,10,20,29,30,33+1,6,16
3,5,24,25,30,35,36+8,10,20
6,16,21,27,29,32,36+1,14,31
4,13,18,19,25,28,35+11,22,23
7,8,11,13,25,34,37+3,38,39
3,4,9,10,15,24,26+8,13,27
8,10,12,13,18,33,39+5,24,30
6,7,10,12,19,31,38+2,8,11
13,25,29,35,36,37,38+8,22,34
3,6,9,12,13,14,39+23,32,34
2,9,15,17,24,26,27+8,25,31
1,3,6,14,26,32,37+
3,4,14,17,18,33,38+6,11,36
1,14,16,27,30,36,38+25,28,35
1,2,13,15,16,37,38+10,24,25
3,6,12,26,29,38,39+16,25,34
2002
12,13,18,20,26,34,39+3,15,25
2,7,15,24,25,34,39+4,15,23
3,10,16,27,28,31,33+21,29,32
5,7,14,21,26,35,36+3,8,34
2,9,18,25,32,34,35+1,4,22
5,7,13,20,21,23,32+30,31,34
2,12,13,19,23,26,32+7,31,39
3,9,19,24,33,35,38+15,23,29
3,5,12,15,18,19,20+10,14,21
4,9,22,25,30,38,39+5,10,14
9,10,14,22,25,26,36+5,11,24
1,8,9,17,19,25,29+18,31,36
11,16,17,18,24,30,35+29,36,38
9,13,15,18,20,30,35+27,37,38
4,7,13,23,24,28,39+9,14,32
5,8,9,21,22,25,26+10,33,37
1,3,15,25,29,37,38+11,24,30
4,5,10,13,22,30,31+17,21,25
10,16,17,25,30,36,38+9,27,34
2,3,10,25,26,31,34+1,30,36
1,10,15,28,30,34,35+11,14,29
3,4,6,15,18,36,37+10,20,28
8,11,13,20,21,22,28+10,17,23
7,8,10,16,22,29,36+28,33,37
6,16,18,19,20,22,38+1,29,32
10,19,31,32,33,34,36+25,27,30
5,8,12,20,26,30,38+14,19,39
2,12,13,22,27,36,37+10,13,21
1,6,12,23,24,25,28+10,16,22
7,10,11,13,26,30,39+1,4,36
2,3,8,13,26,35,39+15,24,32
6,14,16,26,32,35,36+19,24,33
10,13,15,18,19,28,36+3,4,26
4,6,17,19,21,24,25+5,12,29
4,22,25,30,31,34,38+17,24,33
13,16,21,28,30,34,35+22,23,36
6,7,9,11,21,34,35+29,30,37
10,12,14,18,24,27,33+6,15,31
3,12,24,26,32,33,38+2,27,34
8,14,24,27,29,34,36+2,5,19
1,2,23,25,27,29,38+4,8,21
1,7,9,12,21,22,30+13,14,19
11,17,23,26,30,36,37+16,18,21
3,9,11,15,29,30,32+4,33,36
6,16,17,24,25,29,32+5,19,37
1,5,10,14,22,23,30+
5,8,12,15,18,27,36+21,33,37
1,3,6,8,19,22,35+2,5,12
3,8,10,13,18,28,37+11,21,34
6,7,12,26,29,35,36+3,5,17
8,10,15,18,19,27,36+4,17,25
9,16,20,21,28,29,34+10,19,38
3,6,11,20,28,30,35+2,14,21
2003
9,17,19,22,28,30,37+18,21,25
3,4,11,15,17,27,39+18,22,34
4,5,29,32,36,37,38+13,14,15
4,7,10,13,18,24,31+17,29,33
14,15,21,25,28,34,38+2,33,37
3,17,23,28,29,36,39+22,27,37
4,20,22,23,27,34,38+9,13,14
1,7,9,19,20,21,26+11,18,31
1,3,17,18,23,28,34+7,25,31
4,6,12,13,18,23,36+9,16,19
5,6,12,22,26,28,36+9,24,34
2,3,9,23,24,25,27+22,31,38
9,14,16,18,23,29,39+5,31,32
4,5,6,8,15,21,35+3,12,31
2,8,9,19,27,31,39+1,10,23
3,7,11,13,33,38,39+4,19,30
14,16,21,24,32,33,36+4,9,28
9,21,25,34,35,38,39+7,13,27
6,17,18,23,25,30,32+15,34,37
3,7,16,17,19,22,24+4,15,31
1,5,18,21,25,33,37+3,14,39
6,15,18,20,32,35,36+11,13,17
1,3,19,24,27,32,36+11,13,17
1,6,13,19,22,23,38+9,18,30
1,6,12,14,25,31,34+19,27,28
9,15,19,24,27,30,31+2,28,36
2,7,18,19,31,33,38+15,26,34
12,17,19,25,26,31,39+7,11,28
12,14,16,19,27,37,39+3,5,22
4,7,15,21,23,28,35+2,12,19
4,5,10,14,15,24,37+18,21,39
8,11,12,21,22,25,29+15,32,34
2,14,15,24,32,35,38+4,21,26
11,12,13,15,28,36,38+5,25,39
6,9,21,28,33,36,38+3,19,39
20,25,28,29,31,33,37+3,22,38
4,6,16,23,34,36,38+5,19,32
2,3,12,17,28,32,38+26,33,36
8,13,27,28,32,38+16,23,37
8,9,15,24,29,35,36+1,6,18
2,4,9,19,21,28,35+3,7,11
4,20,21,27,33,37,38+3,12,39
5,6,14,29,30,34,37+17,20,31
5,13,25,26,27,30,34+31,36,39
2,10,11,27,28,36,38+3,8,32
3,8,20,29,34,35,39+1,17,24
2,6,14,24,26,29,31+4,19,35
1,2,3,18,25,27,30+10,33,37
2,5,10,14,16,17,23+30,37,38
1,7,15,23,25,28,39+4,18,24
2,3,7,8,9,22,25+1,5,13
5,13,17,23,37,38,39+6,22,35
2004
3,6,7,8,21,32,34+1,24,39
2,7,14,28,29,33,39+1,3,30
12,17,19,23,24,28,30+9,13,37
2,7,19,23,26,27,31+16,20,36
2,6,11,12,15,17,30+3,20,34
5,6,13,16,27,28,31+32,34,38
14,15,17,21,28,29,32+12,31,34
1,4,6,8,10,17,38+15,30,35
5,7,10,11,17,20,39+3,9,13
5,8,18,25,26,29,32+6,14,27
1,3,16,30,35,37,38+10,20,24
1,6,10,18,24,35,39+7,22,23
1,7,20,21,23,27,30+3,10,13
1,2,7,20,23,25,28+14,22,31
11,12,18,22,26,29,31+8,27,36
11,17,18,19,20,25,38+15,26,35
5,7,14,18,20,23,27+3,11,28
6,16,20,26,27,28,32+2,4,33
1,7,10,19,28,30,38+2,4,5
14,23,27,28,31,33,36+16,22,29
3,12,17,19,33,36,39+21,23,38
2,3,12,20,25,30,37+4,18,22
1,6,11,15,21,28,38+19,20,24
14,17,18,19,22,27,33+13,28,32
2,3,5,12,18,30,32+16,38,39
2,4,8,17,18,33,34+13,27,35
1,5,10,25,27,29,32+9,12,22
2,10,25,30,36,37,39+18,32,35
10,15,19,21,22,23,37+1,6,26
8,15,22,23,33,38,39+1,19,30
10,20,21,27,30,31,36+6,22,29
2,5,7,13,16,35,36+8,12,29
5,10,18,35,36,37,39+13,23,34
5,6,9,23,31,37,39+22,29,34
3,5,16,19,27,29,33+10,12,23
1,9,14,22,29,30,35+3,6,21
1,2,14,21,22,33,39+24,31,32
2,7,11,15,19,25,27+10,14,28
3,11,13,21,30,36,39+2,19,23
2,17,18,22,24,36,38+
3,6,11,1,16,21,27+10,14,34
14,18,20,23,27,33,34++13,22,38
1,4,12,18,21,28,35+15,19,24
2,7,11,18,22,30,34+3,14,20
1,15,17,22,23,25,34+2,6,35
5,11,17,22,24,34,35+10,13,33
8,18,24,26,27,30,34+
3,15,16,17,18,25,28+21,29,34
1,2,6,11,18,24,29+7,8,17
7,13,22,23,28,33,36+11,30,35
1,4,6,12,26,36,38+
2,13,17,23,24,32,33+7,31,35
5,8,17,26,34,36,39+15,30,38
3,8,10,23,29,36,38+
13,16,21,22,23,27,38+2,18,19
17,18,23,28,34,36,37+
4,8,9,13,16,22,23+2,5,12
9,14,17,19,25,28,30+11,15,36
2005
1,2,7,9,11,23,36+3,27,31
4,6,11,16,23,24,37+13,17,19
1,13,17,18,20,35,37+3,30,34
3,8,10,15,24,25,34+16,28,35
2,4,12,25,26,32,36+17,23,35
1,6,11,14,31,34,37+2,18,22
10,15,19,20,22,25,37+6,9,28
3,4,11,16,18,33,39+
5,8,10,15,29,32,38+23,34,39
1,7,24,25,28,29,36+8,10,14
1,12,18,21,25,27,33+14,24,32
5,6,10,19,29,37,38+9,15,17
3,6,18,22,25,27,33+24,29,34
5,13,14,16,26,28,38+11,15,34
8,14,15,16,17,23,26+
11,16,26,31,33,35,38+5,9,24
7,18,21,22,25,29,39+1,13,35
3,11,15,17,18,24,29+
3,7,12,14,22,24,38+15,19,20
13,18,20,25,27,28,29+6,9,16
2,6,7,9,19,22,26+4,30,33
2,3,23,25,31,34,37+
2,5,11,12,15,29,34+1,7,24
1,8,10,16,19,20,27+15,35,36
9,15,18,22,23,30,31+1,10,35
3,10,17,18,25,38,39+1,21,31
2,3,24,28,29,33,38+4,25,27
7,15,19,21,33,36,37+11,16,28
4,10,16,17,21,28,36+13,14,39
2,5,8,17,21,25,33+4,22,38
14,16,21,25,27,30,37+4,5,19
1,2,3,12,31,33,38+6,25,36
2,9,11,12,16,18,36+19,22,39
5,14,21,23,28,33,37+4,8,12
4,5,10,21,23,33,34+6,7,19
5,9,16,19,20,37,38+11,17,31
1,13,15,18,27,28,34+
5,8,19,20,30,31,36+11,34,37
10,12,14,16,24,27,39+7,8,22
1,4,6,19,30,33,37+2,13,24
2,3,11,19,20,26,39+
3,6,10,15,17,25,33+13,22,31
7,18,21,26,29,30,31+1,24,39
10,12,20,21,22,26,39+3,17,25
3,6,14,17,18,25,31+2,4,7
1,2,11,15,23,26,33+7,18,20
1,2,6,18,23,24,36+
2,8,11,15,21,30,37+17,22,29
1,19,26,28,31,36,39+7,23,29
4,7,8,12,15,35,37+17,23,31
3,4,5,8,17,20,39+
3,10,16,21,27,28,39+9,24,32
2,3,8,10,19,21,27+4,13,24
4,13,14,25,28,36,37+3,35,39
1,6,16,25,32,33,38+4,27,35
3,5,8,25,33,36,38+
2,7,11,18,21,30,34+17,25,33
9,20,24,25,27,34,38+7,15,21
8,17,18,19,25,32,33+1,27,34
1,12,14,19,21,26,33+9,15,34
14,16,20,27,29,33,34+
1,15,17,23,30,32,36+2,14,22
2006
2,10,12,13,20,25,27+3,19,39
1,13,15,23,25,329,33+3,4,17
1,4,15,22,24,36,37+16,28,32
4,9,12,22,32,33,34+18,25,31
2,6,11,12,15,16,27+5,21,33
2,9,11,17,19,20,30+5,15,34
4,5,6,7,18,22,34+2,11,24
5,7,15,23,26,27,39+16,17,33
7,14,22,27,30,34,36+5,18,29
1,6,11,12,18,28,35+3,30,38
1,3,4,14,20,22,32+2,15,25
4,6,13,20,27,33,36+18,19,29
4,13,18,20,22,32,33+1,10,27
7,16,20,23,24,28,31+2,10,13
15,24,25,27,28,31,37+5,8,26
7,10,14,29,32,35,36+2,3,23
4,8,18,21,23,27,32+12,14,37
7,8,13,20,23,24,29+6,25,36
1,5,21,23,24,25,26+7,20,29
9,18,23,26,31,38,39+4,11,21
7,16,18,20,32,38,39+22,36,37
1,4,12,21,22,27,30+11,32,33
3,9,12,13,14,30,36+
11,17,28,34,35,36,37+19,20,24
13,15,24,27,31,32,35+20,21,36
5,6,11,15,30,31,32+
2,6,11,12,20,28,30+17,22,38
2,8,13,24,26,29,36+14,25,39
5,6,9,14,20,31,399+7,16,33
4,10,19,27,30,34,39+6,24,29
8,11,14,28,35,36,39+5,17,37
5,14,23,24,25,27,37+3,17,30
6,19,21,29,30,37,38+1,4,9
3,13,16,19,31,32,36+7,9,29
6,13,19,24,28,30,32+3,25,35
26,30,32,34,35,37,38+3,4,5
13,14,15,23,25,35,39+7,9,21
4,6,12,15,17,22,27+9,10,31
15,20,24,27,29,31,32+9,11,16
2,7,12,29,30,31,38+8,15,39
3,6,8,9,14,30,31+19,23,33
5,18,22,26,28,30,39+
18,20,21,22,26,27,32+1,19,37
5,8,9,22,24,30,35+10,11,14
3,6,16,19,29,31,38+4,5,15
4,17,20,25,27,32,39+2,31,38
1,11,13,28,30,32,38+5,17,33
1,2,17,18,22,25,26+6,23,32
3,7,11,22,28,32,36+23,26,29
3,4,12,16,23,27,28+
2,4,10,22,23,36,38+9,28,37
3,8,22,26,27,31,34+5,15,36
2,3,10,20,27,33,36+9,19,29
2,5,10,,18,27,29,37+8,14,38
2,11,20,25,26,30,33+17,19,29
8,10,13,16,22,27,28+
9,13,16,20,24,33,37+12,21,38
2007
7,16,18,27,30,31,32+2,3,11
2,8,9,11,12,17,37+4,15,38
5,9,26,30,32,37,38+4,8,27
11,13,15,22,24,29,32+5,21,36
5,11,14,23,24,26,37+
2,8,11,17,23,25,39+3,24,32
3,5,15,20,23,34,35+9,16,37
6,8,12,16,20,23,28+30,34,36
10,15,20,28,32,36,38+4,9,16
2,4,7,19,20,31,37+
9,10,17,26,31,33,39+1,13,32
8,15,23,27,32,34,35+5,17,39
4,11,15,20,22,23,29+7,17,25
8,16,19,28,35,36,37+1,5,7
2,16,17,32,35,37,39+4,27,34
7,9,17,30,32,36,39+
6,9,19,24,25,38,39+4,8,17
3,8,14,15,17,19,39+5,26,28
1,3,12,25,26,33,38+7,14,17
1,2,7,13,20,34,37+3,4,11
7,12,14,17,36,38,39+6,30,32
3,4,5,20,25,31,36+
8,10,11,16,26,28,36+22,23,34
5,6,11,21,32,35,37+9,23,31
3,7,14,23,30,36,38+12,25,35
4,6,9,21,22,29,33+8,17,38
6,7,8,14,19,21,25+12,28,33
2,4,7,10,13,15,33+20,30,37
12,24,28,31,34,37,38+
4,20,24,28,29,30,38+10,22,25
3,5,7,13,14,16,31+9,11,27
9,17,21,23,29,33,34+18,26,31
4,7,12,22,26,37,38+1,14,25
4,9,20,22,24,26,31+8,17,35
2,7,10,14,27,30,39+
5,7,14,27,31,35,36+15,20,23
3,15,21,24,33,38,39+10,19,27
7,9,12,18,20,26,36+11,28,31
1,8,9,15,22,26,31+4,14,21
8,18,20,31,32,34,38+
13,17,22,25,27,29,31+8,10,15
1,7,13,15,23,36,39+2,4,37
3,6,15,17,25,32,35+
16,17,18,25,29,32,39+6,30,38
1,4,6,7,21,32,39+11,25,28
3,17,24,28,30,33,35+6,25,34
5,8,17,22,28,32,33+
15,16,21,27,28,38,39+9,14,17
2,6,24,27,29,34,36+3,13,31
8,11,12,14,23,26,37+
5,6,13,20,23,24,36+17,19,37
6,9,28,29,35,36,39+7,12,13
7,8,20,22,24,26,39+2,3,9
2,6,17,21,24,27,38+12,35,37
2,16,18,23,25,30,37+14,31,39
9,17,18,25,26,32,33+3,6,24
4,11,12,16,17,28,35+5,10,13
16,17,21,22,27,29,30+1,6,28
4,12,15,17,18,25,29+5,27,34
3,7,23,29,31,34,37+17,19,33
1,16,17,18,23,29,33+21,22,30
9,23,24,27,31,38,39+1,22,35
2008
18,23,24,25,32,35,39+10,36,37
9,11,15,16,17,25,30+2,10,34
13,15,20,27,30,32,35+1,8,33
3,6,11,20,23,29,33+4,7,10
2,12,17,22,24,27,29+1,19,26
2,6,7,14,16,31,38+21,25,34
8,12,13,14,15,16,24+9,34,39
3,4,5,10,15,28,29+13,23,36
3,5,6,13,14,21,26+8,24,32
3,4,9,11,13,21,26+14,17,18
8,21,22,29,33,35,38+14,17,18
7,13,21,23,24,28,32+10,19,33
1,3,6,14,18,27,25+4,22,37
9,12,16,17,20,22,37+18,26,32
19,21,22,27,30,32,33+6,24,38
4,5,13,15,17,24,35+25,27,30
11,18,23,28,3037,38+16,19,36
1,15,29,30,31,38,39+13,23,35
4,9,17,20,26,27,37+7,8,19
5,8,9,10,13,20,21+
8,14,19,25,27,28,32+7,13,18
11,16,20,22,33,37,38+1,15,39
1,9,22,23,26,35,38+12,17,29
6,10,23,24,33,36,37+2,7,26
1,3,17,19,21,34,38+7,10,31
4,12,16,21,33,37,38+6,10,39
2,7,17,20,21,32,33+13,18,39
3,7,16,20,23,32,34+12,15,24
3,6,10,11,12,28,35+
6,8,10,15,16,32,38+26,30,36
16,24,25,29,30,36,37+3,14,25
3,14,17,29,36,38,39+27,28,37
3,5,12,13,18,22,38+6,9,32
7,10,17,19,22,34,35+5,27,36
6,9,22,23,31,33,39+3,17,38
6,9,18,22,30,32,35+13,19,28
7,13,22,29,35,36,38+3,14,24
3,11,12,18,25,29,31+9,19,24
8,15,17,20,22,35,39+
7,14,22,23,26,28,37+1,12,33
6,7,10,17,18,19,33+
5,7,12,18,21,24,25+14,31,34
5,7,10,14,19,36,37+11,29,32
8,11,25,26,33,34,39+
2,6,18,21,26,35,38+3,5,11
2,5,6,7,17,31,33+
9,16,18,25,26,29,34+13,14,33
7,11,15,24,31,33,39+5,22,25
6,10,16,17,18,26,29+7,31,34
1,12,14,17,22,27,39+7,18,19
10,13,16,17,19,27,28+14,23,36
1,9,16,18,19,22,29+4,6,36
4,13,16,17,21,31,32+2,28,30
3,4,11,13,25,26,28+5,7,20
2,4,5,18,27,32,34+14,20,33
6,8,9,16,22,24,38+12,30,32
5,14,17,21,29,32,35+7,34,38
4,12,16,22,27,30,35+
1,13,19,24,25,33,35+11,32,39
2009
8,9,10,19,20,21,31+22,34,38
11,12,14,18,24,25,34+6,16,28
9,16,18,28,30,32,34+3,26,35
1,7,11,22,27,28,34+9,14,25
5,17,24,25,32,33,34+8,13,37
1,2,6,7,27,32,36+8,19,21
9,11,12,13,15,19,35+5,23,31
1,7,19,26,27,33,36+9,29,38
3,12,18,20,26,31,39+15,17,27
19,20,24,32,33,35,38+1,10,28
6,14,17,27,31,36,39+7,15,22
2,5,8,14,16,31,36+21,33,34
1,4,11,20,25,28,30+10,31,38
4,9,12,17,27,28,30+1,14,33
3,4,15,17,31,33,39+2,110,38
3,7,20,24,26,33,38+10,22,30
2,3,9,21,24,27,29+1,17,28
2,5,6,21,37,38,39+12,18,24
5,16,25,26,27,30,32+7,14,38
10,22,24,26,27,30,32+1,8,38
16,19,27,29,30,38,39+18,21,33
6,7,9,18,19,24,27+14,31,35
3,14,15,20,34,35,37+4,25,29
6,7,11,18,24,31,38+19,27,30
2,13,17,26,28,33,39+19,21,27
5,11,16,18,26,27,32+7,23,30
1,8,10,13,23,25,29+6,14,33
4,8,10,11,26,30,33+1,3,38
4,7,9,17,21,24,25+16,19,36
10,19,23,25,27,28,36+13,14,39
4,12,21,23,26,27,34+15,30,32
1,5,14,16,24,27,38+9,15,23
4,25,32,33,34,36,38+29,30,37
17,19,28,30,33,34,36+11,20,27
3,7,14,18,31,33,38+16,20,27
1,5,18,21,26,29,36+3,34,35
1,9,15,16,25,34,38+4,6,39
6,10,12,23,24,28,30+13,26,27
2,8,16,20,25,34,37+1,12,15
2,4,10,25,27,35,36+20,32,37
1,6,18,25,32,33,35+14,16,29
2,12,18,24,27,33,34+1,9,10
4,6,16,26,32,33+5,10,22
4,5,8,31,36,37,39+1,2,16
14,17,18,23,26,34,37+12,13,31
3,5,26,27,28,30,32+12,13,31
5,10,15,18,26,31,39+2,8,13
2,4,6,23,27,31,34+18,19,21
3,12,15,18,26,33,38+23,32,36
3,10,11,13,18,28,38+4,6,21
2,3,17,25,27,35,36+18,30,37
14,18,19,20,30,32,39+11,22,27
2010
6,16,22,23,28,32,34+3,21,37
6,12,20,21,26,29,31+4,23,32
13,20,28,31,33,35,37+15,32,36
5,16,17,21,26,27,28+2,22,39
4,14,21,23,25,26,33+22,27,32
1,2,5,14,19,29,31+16,17,22
2,9,11,15,19,31,37+16,27,36
7,14,23,24,30,31,37+8,10,15
5,21,24,28,29,36,37+12,14,22
6,11,13,17,19,27,36+2,4,20
2,7,14,16,20,24,25+33,34,38
15,23,28,29,31,36,39+12,22,37
3,15,18,20,24,31,33+2,4,36
1,2,11,21,27,34,39+14,25,35
7,8,11,12,13,22,25+5,9,19
3,4,10,13,15,28,37+15,19,36
6,21,22,24,33,34,39+11,19,32
2,15,22,25,30,34,36+3,7,11
2,10,14,15,16,20,36+21,29,39
1,11,22,28,30,31,35+5,26,34
3,9,14,20,27,28,37+15,17,36
2,21,23,30,31,32,36+4,28,37
3,5,17,19,26,36,38+14,25,27
1,2,4,5,7,10,25+9,31,36
2,3,6,8,11,15,26+21,22,35
1,9,10,20,22,28,30+8,18,38
9,10,26,28,29,37,38+14,18,21
14,15,16,25,26,27,34+4,20,22
2,13,15,20,23,27,37+3,6,33
11,14,16,20,30,35,37+17,19,22
10,11,13,17,19,24,39+15,23,25
11,13,14,18,24,25,33+4,9,37
4,12,13,16,18,27,31+21,34,35
1,7,17,27,30,34,35+2,23,25
2,3,6,14,20,32,39+11,16,29
5,8,12,24,28,32,38+22,31,36
3,5,13,22,26,27,30+6,20,34
4,8,14,16,19,26,38+9,15,37
4,9,13,23,25,33,35+10,20,35+10,20,32
1,4,8,17,23,37,38+11,19,31
1,7,9,23,31,35,38+8,28,32
2,8,13,14,19,21,30+4,9,22
1,12,19,20,22,29,34+18,33,39
2,5,12,13,20,23,26+1,8,24
1,5,8,14,18,28,33+15,31,32
9,10,13,17,20,21,25+1,24,31
6,8,9,10,22,34,38+2,26,33
1,3,11,18,19,24,28+20,30,35
2,7,10,18,24,26,34+8,28,37
1,9,12,22,35,36,38+13,21,32
1,8,11,28,30,33,37+2,4,36
3,6,8,22,30,38,39+16,25,37
2011
10,18,30,35,36,37,38+2,17,19
3,12,16,24,28,34,38+9,23,29
7,13,14,15,20,38,39+6,9,24
4,12,14,16,23,25,30+7,8,28
1,5,6,21,22,30,39+24,26,28
4,7,13,16,18,25,38+9,22,39
2,16,18,19,22,23,34+3,8,10
1,17,20,21,26,33,39+14,19,28
11,21,22,23,24,26,29+13,33,36
1,2,3,7,8,10,14+15,19,33
4,10,11,16,24,28,32+9,33,36
1,3,17,22,28,29,32+13,16,33
4,6,20,28,30,34,38+18,22,26
4,12,17,18,23,27,31+6,19,20
8,16,21,23,25,26,37+10,12,28
4,11,15,22,30,35,37+25,27,33
2,4,5,7,19,22,23+9,18,20
2,5,12,15,25,26,38+1,37,39
6,7,10,18,19,27,28+3,33,34
4,7,9,20,25,29,36+13,34,37
7,13,17,18,19,24,36+3,33,37
4,20,23,28,30,33,39+5,21,29
7,8,13,24,29,30,38+1,10,27
2,4,6,7,12,16,26+28,32,39
1,12,22,25,28,35,38+6,18,36
2,6,14,17,25,26,39+18,27,37
6,7,12,19,22,32,36+9,16,25
5,9,10,12,18,27,36+4,8,26
6,8,11,15,18,30,39+22,23,26
1,5,10,11,17,20,31+12,18,28
3,6,18,23,24,32,36+7,21,30
2,12,15,20,25,31,37+22,32,35
3,11,13,26,29,32,36+8,33,35
3,5,10,14,29,35,39+7,28,38
3,5,12,19,25,31,37+4,21,39
1,2,4,20,29,35,37+7,12,30
3,5,12,19,25,31,37+4,21,39
1,2,4,20,29,35,37+7,12,30
5,13,16,28,31,32,33+11,25,36
5,7,8,24,29,36,39+1,26,31
8,10,11,14,24,30,37+20,29,36
9,10,12,15,22,35,36+2,21,32
6,13,15,18,25,27,34+5,24
8,12,24,30,32,36,39+13,26
18,21,24,30,34,35,37+10,14
2,11,14,16,18,31,32+6,15
9,11,12,16,32,34,36+2,14
2,4,9,10,16,19,39+13,35
6,7,12,14,18,32,39+5,9
9,10,12,23,29,30,35+4,13
5,9,12,20,27,34,37+6,24
6,11,24,25,27,36,38+10,12
3,6,13,18,22,33,34+1,39
7,13,21,25,27,35,37+16,19
10,17,21,24,26,31,37+1,28
2011
4,7,12,19,24,32,34+3,38
2,12,16,21,36,38,39+11,20
5,12,17,27,32,34,35+2,21
6,8,24,26,35,36,38+12,27
7,9,21,22,26,28,35+16,27
3,4,7,17,29,30,33+16,38
6,16,20,23,26,27,28+12,39
2,17,18,30,32,33,37+8,10
8,18,23,28,33,35,39+25,37
4,6,11,19,24,35,38+5,18
5,9,17,18,27,29,37+15,25
5,8,12,17,25,35,38+22,36
3,13,16,18,20,23,28+12,21
1,3,6,8,16,17,26+19,37
3,4,5,19,23,25,35+15,28
10,14,15,22,33,37,39+18,24
2,4,5,12,14,18,27+2,31
6,19,23,35,36,38,39+9,22
1,15,16,19,24,33,37+6,32
1,2,16,18,22,24,26+12,17
3,8,15,24,26,35,39+2,37
3,18,22,27,33,36,38+5,20
6,8,21,26,31,36,39+12,13
2,6,19,25,26,28,30+24,36
1,8,15,22,33,34,37+31,38
1,20,25,29,33,34,35+3,27
3,9,31,34,35,38,39+5,25
6,18,19,27,29,33,35+15,17
3,5,8,15,20,26,35+16,19
1,10,12,21,23,31,36+24,39
3,12,17,18,21,29,39+6,11
10,11,19,20,27,32,34+16,24
8,14,15,20,26,28,31+7,11
3,8,11,13,22,27,35+7,24
2,4,9,10,12,24,32+8,23
1,4,11,17,22,34,39+7,32
5,10,12,15,18,21,23+1,4
4,9,12,14,19,32,38+21,30
5,6,7,9,26,32,39+16,38
10,12,15,29,31,33,39+22,28
13,16,19,25,30,32,39+7,9
9,17,22,29,34,35,36+13,16
1,14,16,20,23,26,36+12,33
5,13,15,20,31,37,39+2,4
2,5,6,9,35,36,39+14,37
7,12,15,18,26,35,36+4,9
3,4,5,6,11,13,20+10,37
2,6,9,15,16,17,34+28,39
1,3,6,25,32,34+2,29
4,9,18,33,35,36,39+7,16
2,7,8,9,19,22,23+5,15
2013
3,6,8,13,15,26,39+14,27
6,9,15,17,36,38,39+18,21
8,9,13,18,19,32,33+22,31
12,13,14,23,25,27,30+16,33
5,9,12,14,23,26,38+6,35
1,4,12,16,27,34,35+2,36
4,5,11,23,32,33,37+3,36
4,13,16,27,30,31,39+1,6
3,6,10,11,18,27,37+13,22
1,6,21,23,31,33,38+12,39
3,7,16,28,30,32,36+2,25
2,9,16,20,21,33,36+15,34
3,5,7,9,15,18,19+22,38
6,919,20,25,31,37,39+4,27
5,9,19,20,32,33,35+2,13
4,15,21,27,29,34,37+11,17
4,12,15,16,19,21,27+10,17
5,11,13,20,23,26,35+30,37
1,6,21,24,28,30,33+19,35
1,9,16,28,30,33,35+32,38
24,27,28,31,32,33,37+11,25
4,6,7,11,25,28,34+1,36
3,4,10,16,20,35,39+18,36
1,2,7,18,29,33,39+16,34
10,17,25,32,34,36,39+4,9
10,15,24,25,26,27,35+2,37
10,16,24,28,35,38,39+
7,10,12,18,21,27,38+11,35
9,10,12,13,14,32,34+
3,11,17,25,26,32,37+10,38
7,8,9,17,29,31,34+
1,12,19,20,22,25,31+38,39
1,3,8,10,13,16,23+
2,6,12,15,17,19,35+1,8
13,14,19,24,25,30,31+
11,13,19,31,33,35,38+1,9
2,9,10,17,20,25,33+
6,11,18,25,26,30,32+9,36
2,10,16,22,24,25,34+
2,14,15,16,17,19,31+20,37
3,5,14,24,25,31,37+
12,15,18,21,24,25,29+4,26
4,5,11,15,19,22,31+
9,16,20,26,29,30,37+18,39
3,7,15,17,34,38,39+2,16
1,9,13,15,18,36,37+11,17
5,8,9,10,12,27,30+1,11
2,8,10,21,27,31,34+3,24
1,17,23,28,30,32,33+16,39
2,3,21,22,29,34,39+7,9
4,10,17,19,20,33,36+28,37
6,7,9,18,27,34,36+17,31
1,6,12,19,22,32,35+8,34
1,3,7,18,27,33,34+22,38
6,10,16,17,18,26,35+20,23
5,7,8,12,20,37,39+26,29
14,16,20,21,23,25,26+28,35
1,5,9,12,14,22,26+4,28
2,3,10,17,23,30,35+16,18
5,12,13,14,27,28,31+9,20
2014
2,4,19,22,25,26,39+6,37
6,7,9,20,21,22,35+2,37
3,17,29,32,33,35,36+1,21
4,9,15,16,20,32,34+14,37
1,4,5,12,16,27,33+24,34
15,22,25,26,28,29,39+13,24
5,14,16,18,21,24,28+19,23
16,18,22,27,33,36,38+31,34
2,3,20,25,29,33,39+,13,21
1,7,8,20,25,27,34+6,33
2,3,13,28,29,31,36+17,39
13,14,24,27,29,34,39+10,18
5,9,13,14,22,31,39+25,35
7,9,13,15,17,25,26+23,39
1,2,4,22,25,31,32+18,23
11,12,15,18,23,32,36+19,29
1,7,8,19,25,33,38+16,27
1,2,5,13,25,33,34+8,12
4,15,17,27,36,37,38+10,32
3,8,9,25,30,35,39+27,37
1,3,13,18,21,35,39+5,9
19,26,28,30,34,36,39+31,38
8,11,16,19,24,27,37+18,38
1,11,19,20,22,28,39+27,34
4,11,12,19,34,35,37+2,7
3,12,13,18,19,25,37+6,31
1,2,16,22,28,31,33+11,18
3,5,6,25,26,28,35+16,18
8,12,16,18,19,27,36+24,32
6,19,23,24,26,27,39+5,28
3,9,20,21,22,36,39+5,14
3,15,20,21,29,30,33+6,10
3,9,24,26,27,31,36+17,37
2,11,12,14,21,26,32+8,16
1,2,9,24,27,29,30+8,36
3,6,12,13,15,18,34+24,35
5,8,10,11,25,29,35+20,31
4,13,17,27,31,34,36+5,33
9,12,30,31,35,36,39+8,24
3,5,9,11,20,26,28+2,21
15,17,24,26,31,32,37+9,12
15,20,24,27,32,36,38+2,21
6,15,22,26,27,36,37+7,19
9,14,25,27,31,33,38+8,39
8,15,16,19,31,32,39+29,35
3,8,11,13,18,20,25+5,33
1,2,3,11,25,28,31+14,29
1,4,16,21,34,36,37+15,25
4,6,8,15,16,22,27+2,29
12,13,17,19,21,25,37+7,22
1,2,10,14,23,29,34+24,26
4,5,15,19,23,37,38+1,2
5,11,16,17,22,24,26+1,32
2015
2,7,18,20,34,36,38+24,30
1,4,8,9,15,18,27+7,12
4,5,9,15,20,28,31+21,34
1,2,3,6,17,23,27+30,32
5,8,10,12,18,28,32+4,35
9,14,17,23,25,31,36+26,29
6,10,20,21,24,27,36+32,38
10,14,16,26,28,32,35+7,23
5,9,10,17,28,29,35+21,34
15,16,19,22,24,32,33+4,9
2,6,8,17,19,24,30+9,16
4,14,20,25,26,36,38+9,32
1,4,9,18,20,23,38+6,26
7,10,13,27,28,32,37+1,9
5,13,14,15,22,24,27+1,23
1,5,6,15,19,24,29+4,18
4,11,14,18,19,21,36+9,24
3,7,9,27,30,32,38+8,29
7,10,11,13,15,21,33+17,22
18,21,27,31,34,35,39+2,36
14,15,22,26,29,30,33+16,28
3,5,12,17,23,29,39+37,38
1,10,13,14,33,37,39+19,20
4,9,31,32,33,34,37+6,18
1,5,10,13,29,33,34+20,39
2,10,11,12,23,26,38+8,34
11,16,20,21,23,31,37+25,32
3,6,18,20,23,24,26+13,35
5,10,13,17,21,23,34+1,16
5,10,11,18,19,26,29+30,38
1,10,20,25,28,30,32+5,15
3,6,9,13,19,21,36+24,29
4,9,10,28,29,33,36+15,30
3,7,9,14,16,17,29+11,25
6,11,14,17,25,29,35+8,16
11,13,14,18,20,25,34+15,35
3,8,14,23,27,29,32+2,20
1,8,9,14,34,35,39+19,24
3,7,10,16,19,30,33+6,9
10,11,13,18,31,32,37+5,23
1,9,12,17,19,35,36+30,32
1,12,13,19,29,32,39+21,34
7,8,15,16,21,22,25+10,31
1,2,5,27,32,34,38+11,14
1,4,9,13,28,29,31+8,11
8,12,14,25,30,31,35+29,36
4,14,19,28,31,36,37+3,13
3,4,7,14,15,28,39+24,30
9,16,26,29,35,36,38+13,37
10,11,13,17,26,27,31+4,15
1,10,12,16,20,25,37+14,18
12,19,23,27,33,37,39+9,38
12,14,15,22,25,28,39+12,37
2016
8,17,21,22,28,34,39+5,15
5,6,15,22,29,32,35+1,16
6,8,18,19,28,29,36+11,34
6,7,18,21,23,28,33+14,37
8,11,17,23,24,34,35+1,5
6,10,22,26,29,33,37+7,16
8,20,25,27,34,36,38+1,16
1,5,6,11,13,14,16+3,37
3,12,15,21,30,31,35+2,24
1,6,15,18,22,27,38+25,31
3,6,12,16,18,21,28+4,7
6,12,17,22,30,31,32+10,11
14,20,21,25,26,31,32+9,36
1,3,5,10,20,21,23+4,6
2,8,9,11,16,30,32+13,39
1,10,12,19,24,28,36+23,26
7,9,25,26,28,33,36+22,32
1,14,16,26,28,31,32+33,34
1,4,15,25,26,30,34+16,39
2,8,12,20,27,32,33+6,34
9,24,25,26,30,32,39+2,16
6,12,13,22,23,29,35+5,25
5,16,17,18,21,24,26+4,7
1,4,9,12,29,33,34+15,39
2,4,11,20,24,28,29+9,12
1,4,29,35,36,37,39+20,21
1,7,11,18,28,31,32+2,29
7,8,12,20,21,24,27+1,13
3,12,20,24,28,36,38+15,19
10,15,19,24,26,32,38+18,39
3,5,7,20,28,31,38+17,32
2,5,10,16,17,20,39+31,34
3,15,28,30,33,38,39+10,20
6,11,15,25,28,31,32+2,9
6,8,12,14,15,21,37+23,35
5,6,13,14,31,33,34+19,36
23,24,30,34,35,36,37+2,22
7,8,9,29,32,34,39+21,35
13,19,21,26,30,32,37+12,23
1,6,7,21,23,24,25+13,15
1,3,4,21,23,28,34+8,12
6,11,13,16,26,30,35+34,37
4,7,14,16,19,23,33+10,37
5,6,8,15,25,26,29+13,21
3,7,17,19,22,23,38+2,11
7,10,14,20,24,37,38+2,34
1,11,12,14,17,18,24+25,35
2,13,14,20,31,32,37+16
6,20,22,28,35,37,38+26
8,18,26,27,29,39,40+11
2,15,16,31,32,37,40+10
3,4,6,7,12,18,37+29
2017
5,9,10,11,18,24,27+1
2,6,13,17,25,34,38+19
9,13,28,32,35,37,40+21
12,16,17,18,21,24,34+13
2,5,11,12,21,28,29+17
3,9,10,13,21,25,27+20
8,15,16,20,24,34,39+40
1,6,11,12,22,23,40+5
7,17,22,26,33,36,37+31
8,11,13,19,23,31,39+1
5,11,12,14,26,28,36+10
2,13,15,17,24,33,39+26
1,2,6,24,32,33,40+16
4,6,12,15,17,19,38+23
6,13,14,16,20,22,40+32
9,12,13,15,18,27,29+16
11,12,14,18,20,31,37+26
5,7,11,14,18,23,32+13
4,5,6,11,14,28,35+15
2,5,8,10,19,28,35+29
3,15,27,30,33,39,40+23
3,7,16,22,34,38,39+2
17,27,29,33,35,37,39+4
23,24,25,31,33,36,39+22
2,15,18,21,32,37,39+40
11,14,18,23,27,31,38+28
4,10,13,19,26,28,33+32
1,12,14,23,31,,33,34+8
6,12,23,27,28,33,34+32
15,19,22,24,27,30,37+4
8,11,22,25,30,31,36+9
16,18,19,20,25,30,36+35
1,13,17,22,26,31,37+38
7,8,24,29,35,37,38+31
4,12,14,17,23,33,35+8
8,9,17,25,34,37,40+28
15,16,23,31,36,37,39+40
4,7,9,12,14,17,28+16
6,9,11,16,28,34,37+22
7,14,20,21,22,23,37+36
1,3,17,24,27,29,34+5
12,13,17,26,27,29,32+35
9,20,23,25,27,28,35+18
3,9,14,18,27,35,36+21
1,13,14,16,28,38,40+31
10,14,16,22,25,34,38+5
4,5,13,15,19,24,38+36
3,4,17,28,31,37,39+34
3,4,22,27,28,32,35+10
4,8,11,17,32,34,37+33
6,18,19,28,32,34,40+26
3,5,8,28,30,38,39+4
2018
13,16,19,20,25,27,38+7
2,3,6,24,26,27,38+34
1,5,11,17,30,38,40+32
4,7,13,14,17,27,29+32
2,7,9,12,27,33,35+4
6,9,12,21,28,29,32+16
6,9,16,17,21,22,24+12
1,10,22,31,34,37,40+11
3,8,21,23,25,27,39+26
14,17,21,22,33,36,39+32
2,4,6,9,26,39,40+23
9,11,12,19,21,25,37+8
2,4,15,18,22,26,32+3
8,13,17,30,36,37,38+14
1,9,16,24,26,39,40+36
11,12,18,24,27,30,36+19
3,4,12,15,30,31,36+9
7,9,12,19,25,32,33+24
7,18,19,21,25,29,38+2
6,16,25,32,34,35,37+9
6,7,10,14,16,18,31+12
8,10,16,23,24,26,34+20
5,9,11,13,1720,21+8
5,12,14,31,34,37,39+10
5,16,26,27,33,36,40+12
6,11,19,23,26,27,33+22
5,7,8,9,16,17,21+20
6,9,16,21,28,30,32+26
11,15,16,17,18,19,24+35
6,18,22,28,30,36,40+3
4,6,13,16,28,35,40+26
6,7,14,16,28,33,34+5
1,9,14,16,18,27,37+3
4,8,12,25,31,36,37+16
1,13,14,16,19,36,31+37
2,4,8,12,37,39,40+3
6,9,10,16,17,21,34+30
24,25,28,32,33,35,36+26
2,9,12,13,30,31,40+23
5,7,8,14,26,34,40+3
4,10,11,24,25,35,40+2
1,9,11,13,29,30,39+34
2,8,12,17,18,22,36+35
10,16,18,33,36,37,39+13
4,6,8,11,20,36,37+24
11,14,19,31,33,39,40+10
1,3,11,25,27,32,36+6
3,10,14,15,16,28,31+40
1,2,28,30,34,37,40+12
3,5,19,32,35,36,40+1
4,7,11,21,26,30,37+36
4,6,8,11,14,25,29+21
2019
8,10,20,22,24,27,36+38
3,7,16,20,22,24,34+8
6,19,20,26,30,37,40+18
5,14,16,34,37,38,39+33
1,10,19,27,36,37,39+5
1,8,9,13,16,20,30+31
10,11,12,25,29,30,39+9
13,16,19,22,26,27,36+28
1,22,23,27,28,37,38+29
7,16,18,29,35,37,38+26
12,19,21,24,35,38,39+20
4,7,17,20,25,28,29+37
3,7,15,21,22,28,37+10
1,6,13,15,17,30,36+23
1,11,19,25,30,33,34+10
1,11,18,19,21,27,39+3
4,8,12,15,33,38,39+37
5,10,12,15,26,30,33+34
2,13,18,19,24,36,38+11
7,14,25,31,32,33+23
1,5,13,15,21,27,37+10
7,12,13,14,30,35,38+29
1,2,17,19,21,31,32+30
8,19,23,26,35,36,38+40
6,9,16,32,33,36,37+15
5,9,11,16,26,29,35+37
6,10,18,25,26,33,40+35
3,12,16,17,24,26,30+19
1,3,14,16,18,23,37+19
6,19,20,21,26,34,39+33
2,17,19,25,33,34,37+18
7,13,21,23,25,29,39+17
9,13,15,17,22,25,34+1
11,12,20,23,31,35,37+6
5,6,18,26,29,35,39+1
7,12,17,18,35,36,39+40
2,12,22,28,31,35,40+20
5,22,28,33,35,36,39+16
11,13,14,15,20,31,32+33
1,6,12,13,27,33,34+28
8,10,19,28,34,36,40+4
7,10,11,19,22,34,40+35
2,5,14,22,25,37,39+38
8,12,15,18,19,20,30+39
1,2,4,11,17,25,32+23
9,11,13,21,22,32,38+19
3,4,8,17,21,29,30+1
5,14,21,24,32,38,40+12
1,8,20,25,29,36,38+26
6,10,14,19,26,32,40+34
7,14,21,25,35,38,40+15
6,9,12,22,28,31,40+30
2020
11,22,27,28,29,34,37+35
8,9,13,14,15,19,29+10
4,22,25,28,30,35,37+33
2,7,8,12,14,31,36+4
1,2,5,8,14,19,23+31
8,11,14,18,26,31,38+15
4,11,20,29,33,37,39+21
2,3,7,13,18,20,30+40
16,17,18,30,35,37,40+4
11,23,28,31,32,33,36+17
2,5,10,11,12,37,38+32
12,14,16,17,22,27,38+7
4,12,14,16,19,23,26+29
4,6,11,18,26,29,33+22
8,10,20,23,25,28,34+4
5,7,11,17,18,34,39+15
2,19,22,28,30,32,35+20
2,8,10,14,18,29,35+12
4,11,12,14,15,30,33+32
3,7,20,22,32,34,35+21
5,8,18,21,23,31,40+20
10,14,17,22,28,30,36+39
1,13,28,29,35,36,38+24
4,11,16,18,20,26,36+7
3,4,5,10,17,26,36+15
7,10,25,26,27,33,38+22
6,8,21,25,30,36,40+22
4,6,12,13,24,30,34+29
2,11,21,23,31,33,34+28
1,5,17,20,21,32,37+34
1,6,10,16,17,23,31+26
5,14,20,22,31,36,40+34
2,3,6,17,18,28,34+37
9,13,14,17,23,29,33+25
7,11,21,25,30,38,39+27
7,9,13,18,21,24,31+33
4,11,14,23,24,35,38+13
1,3,11,13,22,26,34+20
6,10,13,14,17,22,35+36
5,16,23,26,28,34,37+14
1,13,18,22,28,31,34+19
5,14,21,24,26,34,40+3
13,18,25,27,30,32,36+15
6,7,16,32,33,34,39+4
3,6,15,16,22,25,38+17
4,8,17,23,26,31,35+30
2,7,10,12,21,28,39+35
3,9,18,28,32,35,40+1
4,8,11,24,26,30,36+2
5,10,113,21,23,32,39+8
1,2,10,14,15,19,25+17
3,21,24,25,30,37,39+8
2021
2,7,9,23,26,31,32+13
7,17,23,27,29,32,39+40
4,8,13,17,19,28,38+40
3,5,16,23,24,32,34+20
3,9,15,16,26,29,33+10
12,16,19,20,23,26,36+35
3,12,15,20,24,26,31+35
1,2,6,15,22,31,40+24
2,5,17,22,29,34,39+32
2,3,6,21,24,25,37+15
1,3,11,14,16,25,39+9
10,19,26,31,35,37,40+29
1,7,8,10,13,17,38+20
2,8,23,31,35,36,38+20
1,3,10,16,20,28,31+9
3,5,26,33,34,36,40+27
13,16,17,23,25,30,31+34
7,10,13,15,19,20,27+4
9,10,12,14,17,23,26+25
8,21,24,26,28,29,33+22
3,6,17,24,27,33,39+22
8,17,23,26,35,36,37+6
7,11,15,16,24,32,37+9
2,4,18,22,37,39,40+30
1,5,23,25,29,32,35+7
9,13,14,17,19,36,39+29
5,9,14,16,23,28,34+22
8,9,12,15,22,32,34+27
4,7,13,25,27,29,37+28
2,7,12,16,25,36,40+17
12,23,25,31,33,35,38+4
3,10,13,14,18,37,40+5
3,5,8,21,27,31,37+17
5,14,18,21,27,29,40+24
1,8,11,25,31,34,39+16
1,5,8,9,23,31,38+12
7,13,14,18,24,34,40+1
6,16,27,30,31,35,39+1
2,5,11,15,16,38,39+37
1,8,9,18,31,33,37+17
2,4,13,17,18,21,36+3
4,7,10,16,19,27,31+28